0.4704792
0.4689092
0.4674833
0.4661513
0.4648063
0.4634347
0.4619147
0.4603031
0.4586299
0.4569819
0.4554060
0.4538469
0.4522586
0.4506998
0.4492158
0.4477989
0.4463615
0.4448916
0.4434115
0.4419032
0.4403567
0.4386346
0.4367286
0.4346468
0.4324586
0.4302640
0.4281367
0.4262524
0.4245890
0.4231149
0.4217245
0.4203435
0.4189635
0.4175785
0.4161125
0.4145406
0.4129087
0.4113358
0.4099284
0.4085807
0.4072957
0.4060969
0.4049881
0.4039375
0.4029604
0.4019948
0.4009211
0.3997768
0.3985733
0.3972820
0.3958587
0.3942937
0.3926322
0.3909326
0.3893107
0.3878337
0.3865379
0.3854409
0.3843881
0.3832551
0.3820342
0.3807157
0.3793461
0.3779760
0.3766818
0.3754796
0.3743671
0.3733854
0.3725906
0.3719500
0.3714582
0.3710412
0.3706325
0.3702599
0.3698652
0.3693614
0.3687448
0.3680758
0.3672843
0.3664668
0.3656730
0.3648167
0.3641044
0.3635383
0.3631081
0.3627069
0.3622868
0.3618024
0.3612356
0.3606428
0.3600727
