0.3151433
0.3145042
0.3137553
0.3128801
0.3118472
0.3107030
0.3095458
0.3084027
0.3073670
0.3064679
0.3056873
0.3049414
0.3041776
0.3033042
0.3023310
0.3012194
0.2999410
0.2985785
0.2971898
0.2958162
0.2945455
0.2933783
0.2922689
0.2912988
0.2904457
0.2896225
0.2887951
0.2879423
0.2869943
0.2859215
0.2847563
0.2834186
0.2819741
0.2804434
0.2788916
0.2774282
0.2761141
0.2749591
0.2739175
0.2728553
0.2717553
0.2705650
0.2692491
0.2678169
0.2663129
0.2648225
0.2634146
0.2621456
0.2609930
0.2599548
0.2590952
0.2584030
0.2577722
0.2571279
0.2564427
0.2557184
0.2549406
0.2539932
0.2528346
0.2514797
0.2500151
0.2485001
0.2469699
0.2455622
0.2442778
0.2430722
0.2418790
0.2406564
0.2393884
0.2380494
0.2366137
0.2351508
0.2337272
0.2323861
0.2311842
0.2301356
0.2292912
0.2285676
0.2279407
0.2274163
0.2269129
0.2263633
0.2258234
0.2252297
0.2244866
0.2236216
0.2226648
0.2216024
0.2204568
0.2193082
0.2182443
0.2172403
