-0.0361524
-0.0370297
-0.0377456
-0.0382890
-0.0387380
-0.0391215
-0.0394354
-0.0397250
-0.0400894
-0.0405652
-0.0411164
-0.0417627
-0.0425054
-0.0432980
-0.0441417
-0.0450359
-0.0459009
-0.0466928
-0.0474178
-0.0481350
-0.0489282
-0.0498575
-0.0509562
-0.0521896
-0.0535048
-0.0548132
-0.0560186
-0.0570736
-0.0579605
-0.0586795
-0.0592677
-0.0597588
-0.0601947
-0.0606055
-0.0610335
-0.0615152
-0.0620846
-0.0627582
-0.0635431
-0.0644355
-0.0654015
-0.0663990
-0.0673918
-0.0683396
-0.0692093
-0.0699881
-0.0707049
-0.0714379
-0.0722822
-0.0733212
-0.0745894
-0.0760598
-0.0776443
-0.0792283
-0.0807070
-0.0820144
-0.0831314
-0.0840724
-0.0848729
-0.0855786
-0.0862406
-0.0869113
-0.0876423
-0.0884713
-0.0894218
-0.0904986
-0.0916852
-0.0929462
-0.0942341
-0.0955003
-0.0967041
-0.0978200
-0.0988435
-0.0997961
-0.1007312
-0.1017289
-0.1028763
-0.1042343
-0.1058132
-0.1075581
-0.1093632
-0.1111090
-0.1126972
-0.1140753
-0.1152385
-0.1162201
-0.1170728
-0.1178577
-0.1186344
-0.1194522
