0.0815795
0.0796373
0.0777154
0.0757743
0.0738461
0.0719625
0.0701214
0.0683163
0.0665840
0.0648234
0.0630258
0.0610640
0.0590080
0.0568793
0.0546329
0.0524834
0.0503529
0.0484173
0.0465106
0.0447403
0.0431073
0.0415405
0.0400168
0.0384231
0.0368154
0.0351828
0.0335746
0.0319901
0.0304532
0.0289370
0.0275923
0.0262873
0.0249913
0.0237994
0.0226169
0.0214271
0.0201890
0.0186505
0.0171067
0.0153086
0.0133135
0.0112116
0.0091659
0.0071291
0.0052412
0.0035036
0.0019117
0.0004688
-0.0008558
-0.0021443
-0.0034666
-0.0048874
-0.0064308
-0.0080748
-0.0097922
-0.0115757
-0.0134193
-0.0152164
-0.0169658
-0.0186907
-0.0203653
-0.0220122
-0.0237020
-0.0254416
-0.0272359
-0.0291843
-0.0313091
-0.0335602
-0.0359172
-0.0383652
-0.0408624
-0.0432816
-0.0455797
-0.0477466
-0.0497693
-0.0516483
-0.0534664
-0.0552843
-0.0571428
-0.0590845
-0.0610988
-0.0631860
-0.0652933
-0.0673398
-0.0693540
-0.0713899
-0.0733993
-0.0753359
-0.0771843
-0.0789609
-0.0807003
-0.0824507
-0.0842461
-0.0861498
-0.0881531
-0.0902987
-0.0925765
-0.0949338
-0.0972744
-0.0995752
-0.1017219
-0.1036651
-0.1054736
-0.1071675
-0.1087543
-0.1102959
-0.1118952
-0.1135492
-0.1152155
-0.1169076
-0.1186310
-0.1203262
-0.1219708
-0.1235814
-0.1251158
-0.1265186
-0.1277979
-0.1290288
-0.1303167
-0.1317012
-0.1331931
-0.1348171
-0.1365862
-0.1385399
-0.1406699
-0.1428627
-0.1450098
-0.1470298
-0.1488783
-0.1505493
-0.1520726
-0.1534752
-0.1548314
-0.1562592
-0.1578095
-0.1594593
-0.1611781
-0.1629276
-0.1646540
-0.1662957
-0.1678640
-0.1693776
-0.1708417
-0.1723050
-0.1737600
-0.1751700
-0.1765358
-0.1779183
-0.1793894
-0.1809761
-0.1827016
-0.1845129
-0.1863564
-0.1881947
-0.1899367
-0.1914902
-0.1928440
-0.1940489
-0.1951500
-0.1961851
-0.1971713
-0.1981130
-0.1990420
-0.1999712
-0.2008601
-0.2016797
-0.2024261
-0.2030606
-0.2035810
-0.2040299
-0.2043590
-0.2046174
-0.2048343
-0.2050810
-0.2054319
-0.2058903
-0.2065126
-0.2073165
-0.2082620
-0.2093075
-0.2104145
-0.2114824
-0.2124356
-0.2133138
-0.2141035
-0.2147524
-0.2153143
-0.2158356
-0.2163479
-0.2169018
-0.2175095
-0.2181454
-0.2186913
-0.2191422
-0.2195406
-0.2198472
-0.2200059
-0.2200471
-0.2200325
-0.2200059
-0.2199975
-0.2200691
-0.2202501
-0.2205537
-0.2209708
-0.2214499
-0.2219951
-0.2226003
-0.2232010
-0.2237600
-0.2242661
-0.2247111
-0.2250985
-0.2254472
-0.2258411
-0.2263390
-0.2269191
-0.2275676
-0.2282547
-0.2289632
-0.2296730
-0.2303661
-0.2310283
-0.2316058
-0.2320822
-0.2324437
-0.2327144
-0.2329751
-0.2333231
-0.2337959
-0.2344103
-0.2352334
-0.2362291
-0.2373224
-0.2384439
-0.2395462
-0.2405738
-0.2414956
-0.2423264
-0.2430636
-0.2437289
-0.2443330
-0.2449597
-0.2456797
-0.2464611
-0.2472920
-0.2481766
-0.2491189
-0.2500864
-0.2510326
-0.2519190
-0.2527462
-0.2535109
-0.2541938
-0.2548922
-0.2556327
-0.2564073
-0.2572379
-0.2582958
-0.2595455
-0.2609369
-0.2624053
-0.2639019
-0.2653663
-0.2667412
-0.2679749
-0.2691085
-0.2701901
-0.2712571
-0.2723850
-0.2735775
-0.2748146
-0.2761502
-0.2775748
-0.2789791
-0.2803398
-0.2816038
-0.2827729
-0.2838894
-0.2849447
-0.2859339
-0.2869004
-0.2878725
-0.2889315
-0.2901510
-0.2915646
-0.2931808
-0.2950111
-0.2970207
-0.2991143
-0.3011743
-0.3030930
-0.3048574
-0.3064606
-0.3079075
-0.3093158
-0.3107455
-0.3121681
-0.3135924
-0.3150654
-0.3165353
-0.3180035
-0.3194982
-0.3209980
-0.3224484
-0.3238180
-0.3251318
-0.3263927
-0.3276250
-0.3288702
-0.3301963
-0.3316717
-0.3332698
-0.3350051
-0.3369012
-0.3389450
-0.3410974
-0.3432364
-0.3452590
-0.3470999
-0.3486935
-0.3500719
-0.3513579
-0.3526242
-0.3539436
-0.3553270
-0.3568065
-0.3583322
-0.3598979
-0.3614801
-0.3630352
-0.3645141
-0.3659039
-0.3672153
-0.3684730
-0.3697018
-0.3709165
-0.3721246
-0.3733343
-0.3746458
-0.3760479
-0.3775474
-0.3791717
-0.3809123
-0.3827288
-0.3845167
-0.3861868
-0.3877010
-0.3890224
-0.3902508
-0.3914912
-0.3927602
-0.3940241
-0.3952822
-0.3965624
-0.3978370
-0.3991024
-0.4003390
-0.4015098
-0.4025817
-0.4035526
-0.4044543
-0.4052850
-0.4060885
-0.4069180
-0.4077601
