0.5912821
0.5901752
0.5889406
0.5875626
0.5860173
0.5844262
0.5828444
0.5813054
0.5798520
0.5785191
0.5773203
0.5761577
0.5749761
0.5737466
0.5724390
0.5710822
0.5697394
0.5684741
0.5672660
0.5661469
0.5650763
0.5640535
0.5631082
0.5622575
0.5614538
0.5606647
0.5598669
0.5589818
0.5579876
0.5568403
0.5555718
0.5541893
0.5527345
0.5512649
0.5498326
0.5484722
0.5471941
0.5459615
0.5447764
0.5435676
0.5422695
0.5408590
0.5393132
0.5376793
0.5360017
0.5343385
0.5327118
0.5311897
0.5298063
0.5286304
0.5275852
0.5266157
0.5256930
0.5247522
0.5237091
0.5226139
0.5214002
0.5200629
0.5185628
0.5169373
0.5152957
0.5137419
0.5122705
0.5108741
0.5095544
0.5083238
0.5070521
0.5057233
0.5043233
0.5028581
0.5013018
0.4996678
0.4979656
0.4963128
0.4947876
0.4933998
0.4921200
0.4909323
0.4898042
0.4886648
0.4874986
0.4862389
0.4848439
0.4833715
0.4817144
0.4798964
0.4779892
0.4760074
0.4740274
0.4721774
0.4704792
0.4689092
0.4674833
0.4661513
0.4648063
0.4634347
0.4619147
0.4603031
0.4586299
0.4569819
0.4554060
0.4538469
0.4522586
0.4506998
0.4492158
0.4477989
0.4463615
0.4448916
0.4434115
0.4419032
0.4403567
0.4386346
0.4367286
0.4346468
0.4324586
0.4302640
0.4281367
0.4262524
0.4245890
0.4231149
0.4217245
0.4203435
0.4189635
0.4175785
0.4161125
0.4145406
0.4129087
0.4113358
0.4099284
0.4085807
0.4072957
0.4060969
0.4049881
0.4039375
0.4029604
0.4019948
0.4009211
0.3997768
0.3985733
0.3972820
0.3958587
0.3942937
0.3926322
0.3909326
0.3893107
0.3878337
0.3865379
0.3854409
0.3843881
0.3832551
0.3820342
0.3807157
0.3793461
0.3779760
0.3766818
0.3754796
0.3743671
0.3733854
0.3725906
0.3719500
0.3714582
0.3710412
0.3706325
0.3702599
0.3698652
0.3693614
0.3687448
0.3680758
0.3672843
0.3664668
0.3656730
0.3648167
0.3641044
0.3635383
0.3631081
0.3627069
0.3622868
0.3618024
0.3612356
0.3606428
0.3600727
0.3595162
0.3589314
0.3584260
0.3580926
0.3578507
0.3576795
0.3575894
0.3575071
0.3574252
0.3573335
0.3571525
0.3567985
0.3563397
0.3557750
0.3551328
0.3545113
0.3539339
0.3533869
0.3528699
0.3524756
0.3520979
0.3517853
0.3515060
0.3511897
0.3507771
0.3502269
0.3495550
0.3488315
0.3481606
0.3475298
0.3470191
0.3466573
0.3464176
0.3462795
0.3462068
0.3461313
0.3459884
0.3458541
0.3456339
0.3452908
0.3448115
0.3441808
0.3434856
0.3428105
0.3421832
0.3416571
0.3412370
0.3409361
0.3407410
0.3405194
0.3403042
0.3399683
0.3394911
0.3389885
0.3384825
0.3379082
0.3374314
0.3370656
0.3368008
0.3365967
0.3364652
0.3364071
0.3363070
0.3361832
0.3360197
0.3357915
0.3354041
0.3348184
0.3340548
0.3331740
0.3322264
0.3312681
0.3303762
0.3295699
0.3288928
0.3282938
0.3277127
0.3271251
0.3263704
0.3254522
0.3243822
0.3232700
0.3221784
0.3211066
0.3201480
0.3192947
0.3185789
0.3180063
0.3174801
0.3169719
0.3163884
0.3157875
0.3151433
0.3145042
0.3137553
0.3128801
0.3118472
0.3107030
0.3095458
0.3084027
0.3073670
0.3064679
0.3056873
0.3049414
0.3041776
0.3033042
0.3023310
0.3012194
0.2999410
0.2985785
0.2971898
0.2958162
0.2945455
0.2933783
0.2922689
0.2912988
0.2904457
0.2896225
0.2887951
0.2879423
0.2869943
0.2859215
0.2847563
0.2834186
0.2819741
0.2804434
0.2788916
0.2774282
0.2761141
0.2749591
0.2739175
0.2728553
0.2717553
0.2705650
0.2692491
0.2678169
0.2663129
0.2648225
0.2634146
0.2621456
0.2609930
0.2599548
0.2590952
0.2584030
0.2577722
0.2571279
0.2564427
0.2557184
0.2549406
0.2539932
0.2528346
0.2514797
0.2500151
0.2485001
0.2469699
0.2455622
0.2442778
0.2430722
0.2418790
0.2406564
0.2393884
0.2380494
0.2366137
0.2351508
0.2337272
0.2323861
0.2311842
0.2301356
0.2292912
0.2285676
0.2279407
0.2274163
0.2269129
0.2263633
0.2258234
0.2252297
0.2244866
0.2236216
0.2226648
0.2216024
0.2204568
0.2193082
0.2182443
0.2172403
