0.2163577
0.2155874
0.2148609
0.2140527
0.2131882
0.2122898
0.2114257
0.2105948
0.2099097
0.2093470
0.2089056
0.2085151
0.2082798
0.2081755
0.2080984
0.2080772
0.2079739
0.2078303
0.2076465
0.2073123
0.2067940
0.2061158
0.2053144
0.2043963
0.2034408
0.2024321
0.2014702
0.2005787
0.1996864
0.1987567
0.1976738
0.1964645
0.1950818
0.1934978
0.1918171
0.1901421
0.1885659
0.1871546
0.1858941
0.1848016
0.1839138
0.1831405
0.1823863
0.1816315
0.1808595
0.1800359
0.1791527
0.1781795
0.1771178
0.1759766
0.1748059
0.1736608
0.1725649
0.1715400
0.1706362
0.1698273
0.1690489
0.1682480
0.1674042
0.1664533
0.1652946
0.1640261
0.1627884
0.1615782
0.1604833
0.1595430
0.1586359
0.1578248
0.1571120
0.1564273
0.1557303
0.1549723
0.1541451
0.1532431
0.1522454
0.1511642
0.1500264
0.1488299
0.1475876
0.1463484
0.1451581
0.1440653
0.1431015
0.1422323
0.1413814
0.1404179
0.1393372
0.1381502
0.1368701
0.1354793
0.1340919
0.1327642
0.1315481
0.1304933
0.1296173
0.1288677
0.1281823
0.1275271
0.1268657
0.1261842
0.1254847
0.1246886
0.1237646
0.1227281
0.1215520
0.1202221
0.1188588
0.1176017
0.1164918
0.1154599
0.1145012
0.1135422
0.1125336
0.1113983
0.1100792
0.1086531
0.1071446
0.1056178
0.1041277
0.1028181
0.1016568
0.1006228
0.0997344
0.0989771
0.0982877
0.0976173
0.0969694
0.0962959
0.0955204
0.0946322
0.0936856
0.0926571
0.0915259
0.0904270
0.0894077
0.0885366
0.0878295
0.0871982
0.0866558
0.0860635
0.0854261
0.0846614
0.0837283
0.0826894
0.0816454
0.0806500
0.0797003
0.0788375
0.0781694
0.0776966
0.0773306
0.0769967
0.0767085
0.0763946
0.0760466
0.0756133
0.0751151
0.0744916
0.0737829
0.0729915
0.0721051
0.0712642
0.0705525
0.0699979
0.0695915
0.0693157
0.0691148
0.0688851
0.0686072
0.0682194
0.0677561
0.0673214
0.0669997
0.0668456
0.0668759
0.0671327
0.0675279
0.0680945
0.0687323
0.0693287
0.0699653
0.0705954
0.0711797
0.0716794
0.0720514
0.0723044
0.0723700
0.0723209
0.0721990
0.0720322
0.0718876
0.0717726
0.0717381
0.0717789
0.0717879
0.0716874
0.0714127
0.0709779
0.0704466
0.0699011
0.0694513
0.0691623
0.0690457
0.0690706
0.0691789
0.0693301
0.0695113
0.0696612
0.0697819
0.0698882
0.0699443
0.0699341
0.0698149
0.0695819
0.0692652
0.0689390
0.0686718
0.0684677
0.0683348
0.0682923
0.0682787
0.0681960
0.0679725
0.0675431
0.0669617
0.0663412
0.0657389
0.0651855
0.0647663
0.0644915
0.0644040
0.0644318
0.0645295
0.0646913
0.0648619
0.0650029
0.0651660
0.0652435
0.0651173
0.0648110
0.0644624
0.0641082
0.0637062
0.0632874
0.0629611
0.0627501
0.0626165
0.0625340
0.0624149
0.0621733
0.0617725
0.0611593
0.0603290
0.0593543
0.0583728
0.0575204
0.0568602
0.0564070
0.0561256
0.0559968
0.0559141
0.0558764
0.0558448
0.0556772
0.0553802
0.0549754
0.0543884
0.0536212
0.0527394
0.0518491
0.0509175
0.0500142
0.0491921
0.0484458
0.0477556
0.0471026
0.0463947
0.0455375
0.0444284
0.0431703
0.0417959
0.0403499
0.0389800
0.0377460
0.0366812
0.0358079
0.0351044
0.0345097
0.0340506
0.0336430
0.0331916
0.0326376
0.0319830
0.0311961
0.0302197
0.0290919
0.0278531
0.0265596
0.0252966
0.0241253
0.0230580
0.0220986
0.0212141
0.0203437
0.0194149
0.0183469
0.0171584
0.0159093
0.0146593
0.0134161
0.0122359
0.0112046
0.0102821
0.0094841
0.0087684
0.0080951
0.0074384
0.0067344
0.0059682
0.0051013
0.0041466
0.0030831
0.0018660
0.0005256
-0.0008705
-0.0022558
-0.0035665
-0.0047960
-0.0058939
-0.0068715
-0.0078121
-0.0088066
-0.0099214
-0.0111348
-0.0124195
-0.0137306
-0.0149819
-0.0161076
-0.0169829
-0.0176691
-0.0182320
-0.0187293
-0.0191298
-0.0194895
-0.0198824
-0.0203533
-0.0208888
-0.0214924
-0.0221942
-0.0230083
-0.0239400
-0.0249657
-0.0260006
-0.0268990
-0.0276290
-0.0282125
-0.0286769
-0.0291370
-0.0296613
-0.0302862
-0.0310735
-0.0320204
-0.0330880
-0.0341639
-0.0351917
