0.3554755
0.3545989
0.3538487
0.3532383
0.3527560
0.3523454
0.3519507
0.3515427
0.3510989
0.3505557
0.3498813
0.3490555
0.3480765
0.3469506
0.3457503
0.3445685
0.3434762
0.3424918
0.3415991
0.3407658
0.3399216
0.3390064
0.3379765
0.3368207
0.3355627
0.3342607
0.3329682
0.3317572
0.3306920
0.3297787
0.3289951
0.3283106
0.3277006
0.3271628
0.3266664
0.3261335
0.3254852
0.3246882
0.3237204
0.3225925
0.3213680
0.3201500
0.3190472
0.3181141
0.3173202
0.3166322
0.3159910
0.3153402
0.3146299
0.3137975
0.3127859
0.3116069
0.3103510
0.3091173
0.3079738
0.3069587
0.3060888
0.3053490
0.3047088
0.3041451
0.3036122
0.3030460
0.3024103
0.3016670
0.3007715
0.2996964
0.2984542
0.2970942
0.2956943
0.2943287
0.2930568
0.2919152
0.2909198
0.2900566
0.2892785
0.2884872
0.2876305
0.2867067
0.2857324
0.2847278
0.2836899
0.2826326
0.2816170
0.2807170
0.2799604
0.2793512
0.2788876
0.2784902
0.2780914
0.2776702
0.2771641
0.2764952
0.2756158
0.2745301
0.2732798
0.2719424
0.2706275
0.2694171
0.2683440
0.2674092
0.2665784
0.2657858
0.2649566
0.2640276
0.2629537
0.2617169
0.2603408
0.2588819
0.2574222
0.2560333
0.2547616
0.2536071
0.2525725
0.2516738
0.2509045
0.2502336
0.2496104
0.2489572
0.2481792
0.2472128
0.2460493
0.2447189
0.2432574
0.2417428
0.2402522
0.2388821
0.2376974
0.2366865
0.2357934
0.2349406
0.2340467
0.2330346
0.2319132
0.2307036
0.2294385
0.2281711
0.2269722
0.2258850
0.2248952
0.2240218
0.2232822
0.2226655
0.2221338
0.2216325
0.2211149
0.2205672
0.2199692
0.2192965
0.2185256
0.2176576
0.2167269
0.2157912
0.2149233
0.2141785
0.2135740
0.2130870
0.2126552
0.2121770
0.2115831
0.2108341
0.2099601
0.2090378
0.2081501
0.2073585
0.2067127
0.2062554
0.2060088
0.2059599
0.2060528
0.2062194
0.2064141
0.2065938
0.2067063
0.2067081
0.2066028
0.2064029
0.2061080
0.2057218
0.2052863
0.2048495
0.2044796
0.2042384
0.2041373
0.2041246
0.2040997
0.2039648
0.2036613
0.2031835
0.2025699
0.2019044
0.2012654
0.2007045
0.2002525
0.1999131
0.1997032
0.1996117
0.1996376
0.1997681
0.1999517
0.2001462
0.2003208
0.2004493
0.2005292
0.2005635
0.2005377
0.2004601
0.2003647
0.2002881
0.2002739
0.2003471
0.2004946
0.2006563
0.2007448
0.2006900
0.2004710
0.2001221
0.1997162
0.1993273
0.1990190
0.1988357
0.1987971
0.1988955
0.1990863
0.1993266
0.1995763
0.1997945
0.1999438
0.1999893
0.1999004
0.1996439
0.1992218
0.1986679
0.1980260
0.1973456
0.1966767
0.1960610
0.1955176
0.1950718
0.1946760
0.1942392
0.1936865
0.1929725
0.1921049
0.1911510
0.1901966
0.1893233
0.1885896
0.1880250
0.1876326
0.1874005
0.1873075
0.1873200
0.1873838
0.1874243
0.1873990
0.1872846
0.1870473
0.1866342
0.1860527
0.1853532
0.1846213
0.1839361
0.1833561
0.1828936
0.1824982
0.1821403
0.1817607
0.1812927
0.1806722
0.1798610
0.1788732
0.1777638
0.1766320
0.1755747
0.1746592
0.1739298
0.1734031
0.1730581
0.1728169
0.1725895
0.1722985
0.1718836
0.1713054
0.1705422
0.1695891
0.1684703
0.1672270
0.1659142
0.1645979
0.1633437
0.1621985
0.1611720
0.1602201
0.1592996
0.1583350
0.1572466
0.1559946
0.1545819
0.1530491
0.1514664
0.1499122
0.1484556
0.1471395
0.1459729
0.1449459
0.1440356
0.1432222
0.1424183
0.1415756
0.1406767
0.1396997
0.1386284
0.1374535
0.1361771
0.1348384
0.1335092
0.1322792
0.1312265
0.1303772
0.1296857
0.1290729
0.1284650
0.1277780
0.1269527
0.1259773
0.1248787
0.1237071
0.1225238
0.1214250
0.1204714
0.1196869
0.1190559
0.1185343
0.1180488
0.1175339
0.1169548
0.1162814
0.1154743
0.1145235
0.1134373
0.1122347
0.1109401
0.1096079
0.1083216
0.1071490
0.1061379
0.1052998
0.1045939
0.1039402
0.1032495
0.1024768
0.1016185
0.1006897
0.0997319
0.0987931
0.0979274
0.0971828
0.0965673
0.0960748
0.0956939
0.0953978
0.0951485
0.0949073
0.0946336
0.0942805
0.0938097
0.0932096
0.0924891
0.0916669
0.0907727
0.0898655
0.0890169
0.0882890
0.0877077
0.0872389
0.0868191
0.0863955
0.0858895
0.0852255
0.0843946
0.0834628
0.0825177
0.0816601
0.0809772
0.0804898
0.0801764
0.0800178
0.0799783
0.0800217
0.0801051
0.0801151
0.0799982
0.0797462
0.0793574
0.0788548
0.0782838
0.0777043
0.0771900
0.0767744
0.0764882
0.0763440
0.0763047
0.0762881
0.0761763
0.0758347
0.0752185
0.0743528
0.0733111
0.0721825
0.0710357
0.0699271
0.0689471
0.0681174
0.0674143
0.0668030
0.0662199
0.0656157
0.0649670
0.0642692
0.0634719
0.0625166
0.0613842
0.0600887
0.0586763
0.0572172
0.0557852
0.0544579
0.0532796
0.0522353
0.0512809
0.0503472
0.0493419
0.0481318
0.0466987
0.0451206
0.0434750
0.0418779
0.0404351
0.0392272
0.0382929
0.0375703
0.0369864
0.0365027
0.0360762
0.0356516
0.0351654
0.0345721
0.0338784
0.0330925
0.0321709
0.0311321
0.0300341
0.0289510
0.0279408
0.0270561
0.0262767
0.0255766
0.0249063
0.0241951
0.0233502
0.0222918
0.0210287
0.0196105
0.0181152
0.0167108
0.0155123
0.0145570
0.0138369
0.0133147
0.0129460
0.0126430
0.0123070
0.0118462
0.0112247
0.0104328
0.0095267
0.0085541
0.0075498
0.0065752
0.0056687
0.0048418
0.0040768
0.0034000
0.0028169
0.0022406
0.0015711
0.0007256
-0.0003282
-0.0015957
-0.0030375
-0.0045956
-0.0061354
-0.0075392
-0.0087427
-0.0097392
-0.0105342
-0.0111787
-0.0117519
-0.0123270
-0.0129628
-0.0137066
-0.0145718
-0.0155398
-0.0166030
-0.0177293
-0.0188649
-0.0199439
-0.0209048
-0.0216805
-0.0222392
-0.0226055
-0.0228260
-0.0230053
-0.0232487
-0.0236200
-0.0241341
-0.0247506
-0.0253998
-0.0260198
-0.0265207
-0.0268308
-0.0269145
-0.0267613
-0.0264041
-0.0259310
-0.0254356
-0.0250030
-0.0246916
-0.0245266
-0.0245019
-0.0245878
-0.0247172
-0.0248867
-0.0250880
-0.0252792
-0.0254117
-0.0254343
-0.0253342
-0.0251805
-0.0250124
-0.0248993
-0.0249225
-0.0251593
-0.0256241
-0.0262367
-0.0268396
-0.0273327
-0.0276650
-0.0278090
-0.0277746
-0.0275939
-0.0273236
-0.0270190
-0.0267194
-0.0264898
-0.0263581
-0.0262979
-0.0262959
-0.0263442
-0.0264445
-0.0265768
-0.0266799
-0.0267019
-0.0266077
-0.0263790
-0.0259965
-0.0255105
-0.0250083
-0.0246155
-0.0244194
-0.0244401
-0.0246277
-0.0248577
-0.0250385
-0.0250733
-0.0248996
-0.0245226
-0.0239773
-0.0233196
-0.0226054
-0.0219330
-0.0213764
-0.0209670
-0.0207157
-0.0206116
-0.0206476
-0.0208303
-0.0211203
-0.0214906
-0.0218605
-0.0221706
-0.0223782
-0.0224742
-0.0224974
-0.0225447
-0.0227372
-0.0231491
-0.0238133
-0.0246738
-0.0256358
-0.0265744
-0.0273327
-0.0278881
-0.0281934
-0.0282724
-0.0281832
-0.0279897
-0.0277721
-0.0276268
-0.0275587
-0.0276259
-0.0278479
-0.0282123
-0.0286817
-0.0292242
-0.0297250
-0.0301273
-0.0304013
-0.0305429
-0.0305607
-0.0304915
-0.0303924
-0.0303790
-0.0305614
-0.0310249
-0.0317738
-0.0327103
-0.0336855
-0.0345804
-0.0353210
-0.0358672
-0.0362311
-0.0364337
-0.0365170
-0.0365742
-0.0366672
-0.0368649
-0.0372093
-0.0376842
-0.0382881
-0.0390290
-0.0398865
-0.0407687
-0.0416620
-0.0425093
-0.0432235
-0.0438116
-0.0443142
-0.0447969
-0.0453494
-0.0460411
-0.0469375
-0.0481072
-0.0495270
-0.0510946
-0.0526779
-0.0541408
-0.0553664
-0.0563123
-0.0570196
-0.0575888
-0.0580961
-0.0586056
-0.0591504
-0.0598080
-0.0606293
-0.0616027
-0.0626753
-0.0637963
-0.0649026
-0.0659647
-0.0669136
-0.0676810
-0.0683109
-0.0688507
-0.0693405
-0.0698207
-0.0703947
-0.0712129
-0.0723469
-0.0737171
-0.0752424
-0.0768264
-0.0783620
-0.0796823
-0.0807174
-0.0815321
-0.0821890
-0.0827593
-0.0833060
-0.0838664
-0.0844782
-0.0851909
-0.0859935
-0.0868781
-0.0878345
-0.0888248
-0.0897954
-0.0906866
-0.0914656
-0.0920995
-0.0925412
-0.0928500
-0.0931135
-0.0934088
-0.0938431
-0.0944829
-0.0953362
-0.0963879
-0.0975666
-0.0987502
-0.0998157
-0.1007105
-0.1014082
-0.1018881
-0.1022226
-0.1025304
-0.1029003
-0.1033711
-0.1039540
-0.1047435
-0.1057363
-0.1068348
-0.1079956
-0.1091824
-0.1103573
-0.1114854
-0.1125273
-0.1134459
-0.1142584
-0.1150231
-0.1158059
-0.1166715
-0.1177007
-0.1189008
-0.1202135
-0.1215495
-0.1228387
-0.1239632
-0.1248089
-0.1254034
-0.1257910
-0.1260011
-0.1260612
-0.1260513
-0.1260552
-0.1261449
-0.1263089
-0.1265809
-0.1270138
-0.1275373
-0.1281068
-0.1287036
-0.1293036
-0.1298574
-0.1303011
-0.1306355
-0.1309419
-0.1313291
-0.1319044
-0.1327400
-0.1338698
-0.1351880
-0.1366463
-0.1381461
-0.1395235
-0.1407191
-0.1417113
-0.1424498
-0.1430178
-0.1434420
-0.1438171
-0.1442513
-0.1447951
-0.1454185
-0.1461499
-0.1469825
-0.1479131
-0.1489442
-0.1500110
-0.1510435
-0.1520022
-0.1528781
-0.1536489
-0.1543436
-0.1550022
-0.1557567
-0.1567176
-0.1579450
-0.1594162
-0.1610153
-0.1626785
-0.1642833
-0.1656736
-0.1667945
-0.1676946
-0.1684226
-0.1690293
-0.1695805
-0.1701169
-0.1707287
-0.1714764
-0.1723725
-0.1733609
-0.1743556
-0.1752920
-0.1761811
-0.1770213
-0.1777714
-0.1783699
-0.1788357
-0.1792241
-0.1796054
-0.1800509
-0.1806600
-0.1815161
-0.1826647
-0.1840957
-0.1856567
-0.1871312
-0.1884119
-0.1894606
-0.1902654
-0.1908598
-0.1912960
-0.1916755
-0.1920754
-0.1925663
-0.1931513
-0.1938398
-0.1946408
-0.1955456
-0.1965096
-0.1974465
-0.1982923
-0.1990098
-0.1995651
-0.1999177
-0.2001964
-0.2004566
-0.2006765
-0.2009681
-0.2014646
-0.2022561
-0.2033150
-0.2045888
-0.2059960
-0.2073676
-0.2085353
-0.2094096
-0.2099979
-0.2103313
-0.2105553
-0.2107561
-0.2109942
-0.2113652
-0.2119130
-0.2126183
-0.2134483
-0.2143627
-0.2153294
-0.2162959
-0.2171983
-0.2180139
-0.2187311
-0.2193188
-0.2198581
-0.2203536
-0.2208656
-0.2215418
-0.2224512
-0.2236215
-0.2249902
-0.2264190
-0.2278000
-0.2290060
-0.2299238
-0.2305260
-0.2308520
-0.2309844
-0.2310250
-0.2310636
-0.2311178
-0.2312232
-0.2313872
-0.2316033
-0.2318190
-0.2319380
-0.2319549
-0.2318678
-0.2316395
-0.2312580
-0.2307278
-0.2300715
-0.2293918
-0.2287029
-0.2281871
-0.2279101
-0.2278952
-0.2280823
-0.2283611
-0.2286852
-0.2289894
-0.2292204
-0.2293042
-0.2292468
-0.2291120
-0.2289647
-0.2288300
-0.2287789
-0.2288374
-0.2289711
-0.2292086
-0.2295658
-0.2300133
-0.2304316
-0.2307882
-0.2310288
-0.2311249
-0.2310816
-0.2309161
-0.2306700
-0.2303926
-0.2301708
-0.2301863
-0.2304362
-0.2308965
-0.2314750
-0.2320488
-0.2325175
-0.2328086
-0.2328278
-0.2325516
-0.2320454
-0.2314018
-0.2306944
-0.2299901
-0.2294082
-0.2289664
-0.2286576
-0.2284592
-0.2283017
-0.2281081
-0.2278486
-0.2275141
-0.2270995
-0.2265586
-0.2258940
-0.2251625
-0.2244468
-0.2238582
-0.2235133
-0.2234796
-0.2237395
-0.2242203
-0.2247995
-0.2253234
-0.2257041
-0.2258615
-0.2257823
-0.2255261
-0.2251661
-0.2247766
-0.2244420
-0.2242698
-0.2242689
-0.2243559
-0.2245589
-0.2248446
-0.2251643
-0.2254708
-0.2257058
-0.2258163
-0.2257931
-0.2256558
-0.2254303
-0.2251698
-0.2249761
-0.2249550
-0.2251609
-0.2256919
-0.2265412
-0.2275671
-0.2285822
-0.2294107
-0.2299605
-0.2302906
-0.2304285
-0.2304348
-0.2303954
-0.2303722
-0.2303992
-0.2305198
-0.2307498
-0.2310816
-0.2314919
-0.2319429
-0.2323868
-0.2327573
-0.2330060
-0.2331053
-0.2331468
-0.2330682
-0.2329148
-0.2327854
-0.2328043
-0.2330035
-0.2334564
-0.2342577
-0.2353089
-0.2364593
-0.2375352
-0.2384055
-0.2390105
-0.2393653
-0.2395424
-0.2396589
-0.2398239
-0.2400934
-0.2404851
-0.2410185
-0.2416984
-0.2424320
-0.2431913
-0.2439478
-0.2446789
-0.2453497
-0.2459112
-0.2463382
-0.2466310
-0.2468484
-0.2470315
-0.2472056
-0.2475186
-0.2480836
-0.2489222
-0.2500239
-0.2512652
-0.2524932
-0.2535888
-0.2544023
-0.2549795
-0.2553284
-0.2555285
-0.2556275
-0.2557355
-0.2559252
-0.2562553
-0.2567468
-0.2573401
-0.2579805
-0.2586303
-0.2592424
-0.2597690
-0.2601416
-0.2603827
-0.2605744
-0.2607351
-0.2608950
-0.2611461
-0.2615677
-0.2622136
-0.2631319
-0.2642858
-0.2656314
-0.2670550
-0.2684099
-0.2695681
-0.2704499
-0.2710587
-0.2714257
-0.2717417
-0.2721230
-0.2726434
-0.2733379
-0.2741929
-0.2751878
-0.2761995
-0.2772594
-0.2782617
-0.2791451
-0.2798684
-0.2804346
-0.2808090
-0.2810317
-0.2812122
-0.2813892
-0.2816406
-0.2820833
-0.2828023
-0.2837670
-0.2848982
-0.2860845
-0.2872097
-0.2881671
-0.2889034
-0.2894298
-0.2897869
-0.2900927
-0.2904320
-0.2908134
-0.2913262
-0.2920210
-0.2928423
-0.2937164
-0.2946272
-0.2955576
-0.2964615
-0.2972558
-0.2979050
-0.2984117
-0.2987633
-0.2989965
-0.2992047
-0.2994866
-0.2998973
-0.3004537
-0.3011597
-0.3019818
-0.3028634
-0.3037557
-0.3045176
-0.3050444
-0.3053238
-0.3054021
-0.3053909
-0.3053551
-0.3053398
-0.3054234
-0.3056853
-0.3061748
-0.3068708
-0.3076479
-0.3084267
-0.3091341
-0.3097361
-0.3102273
-0.3105906
-0.3108444
-0.3110813
-0.3113749
-0.3117326
-0.3121844
-0.3128547
-0.3137882
-0.3149375
-0.3161883
-0.3174282
-0.3185200
-0.3193650
-0.3199597
-0.3203499
-0.3206079
-0.3208296
-0.3210638
-0.3213364
-0.3217307
-0.3222791
-0.3229361
-0.3236003
-0.3242858
-0.3249902
-0.3256360
-0.3262069
-0.3267014
-0.3271152
-0.3274432
-0.3277689
-0.3281239
-0.3286250
-0.3293557
-0.3303847
-0.3317086
-0.3332168
-0.3347572
-0.3361570
-0.3372934
-0.3381222
-0.3386652
-0.3390042
-0.3392453
-0.3395322
-0.3399377
-0.3404803
-0.3411762
-0.3420044
-0.3429210
-0.3438773
-0.3448609
-0.3457910
-0.3466049
-0.3473249
-0.3479180
-0.3483656
-0.3486984
-0.3490182
-0.3494125
-0.3499586
-0.3507590
-0.3518604
-0.3532232
-0.3547074
-0.3561287
-0.3572980
-0.3581551
-0.3586388
-0.3588244
-0.3588824
-0.3589143
-0.3590311
-0.3592911
-0.3596843
-0.3602305
-0.3609008
-0.3616469
-0.3624047
-0.3630963
-0.3636301
-0.3639753
-0.3641298
-0.3641166
-0.3640207
-0.3639187
-0.3638344
-0.3639078
-0.3642024
-0.3647330
-0.3655212
-0.3665561
-0.3677597
-0.3689442
-0.3699118
-0.3705426
-0.3708895
-0.3710596
-0.3712112
-0.3714275
-0.3717446
-0.3722000
-0.3727704
-0.3734155
-0.3740623
-0.3746549
-0.3751600
-0.3755426
-0.3757739
-0.3758254
-0.3756750
-0.3753688
-0.3749720
-0.3745166
-0.3740625
-0.3737471
-0.3736632
-0.3738342
-0.3742398
-0.3747728
-0.3752727
-0.3755976
-0.3756306
-0.3753346
-0.3747851
-0.3741066
-0.3734358
-0.3728739
-0.3724738
-0.3722424
-0.3721242
-0.3720521
-0.3719666
-0.3718132
-0.3715434
-0.3711283
-0.3705680
-0.3698640
-0.3690390
-0.3681373
-0.3672314
-0.3664000
-0.3656904
-0.3651369
-0.3647755
-0.3645633
-0.3644225
-0.3642648
-0.3640071
-0.3635355
-0.3628177
-0.3619193
-0.3609550
-0.3600271
-0.3592249
-0.3586214
-0.3582400
-0.3580241
-0.3578958
-0.3577879
-0.3576363
-0.3574018
-0.3570625
-0.3566089
-0.3560465
-0.3553924
-0.3547322
-0.3541255
-0.3536094
-0.3532165
-0.3530353
-0.3530927
-0.3533200
-0.3536583
-0.3540390
-0.3543228
-0.3543620
-0.3541639
-0.3537461
-0.3531803
-0.3525903
-0.3520895
-0.3517705
-0.3516787
-0.3517677
-0.3519905
-0.3522957
-0.3526054
-0.3528405
-0.3529066
-0.3527310
-0.3523625
-0.3518441
-0.3512232
-0.3505828
-0.3499891
-0.3495335
-0.3492948
-0.3494170
-0.3498637
-0.3505272
-0.3512782
-0.3519493
-0.3524184
-0.3526365
-0.3525877
-0.3523605
-0.3520714
-0.3517769
-0.3515779
-0.3515585
-0.3517391
-0.3520624
-0.3524625
-0.3528351
-0.3531340
-0.3533449
-0.3534556
-0.3534597
-0.3533486
-0.3530908
-0.3527989
-0.3525356
-0.3523906
-0.3524707
-0.3528164
-0.3534213
-0.3542436
-0.3551739
-0.3560625
-0.3567786
-0.3572650
-0.3574969
-0.3575456
-0.3575274
-0.3575584
-0.3577137
-0.3580525
-0.3586026
-0.3593098
-0.3600563
-0.3607590
-0.3614073
-0.3619472
-0.3623465
-0.3625961
-0.3627030
-0.3626876
-0.3626017
-0.3625289
-0.3625756
-0.3628373
-0.3633837
-0.3642228
-0.3653203
-0.3666056
-0.3679173
-0.3690770
-0.3699361
-0.3704278
-0.3705863
-0.3705441
-0.3704357
-0.3703655
-0.3704276
-0.3706721
-0.3710970
-0.3716476
-0.3722186
-0.3727400
-0.3731691
-0.3735012
-0.3737122
-0.3738079
-0.3737444
-0.3736870
-0.3736895
-0.3737466
-0.3739066
-0.3742588
-0.3748597
-0.3756753
-0.3766164
-0.3776590
-0.3787612
-0.3796944
-0.3803416
-0.3806936
-0.3807681
-0.3807100
-0.3806757
-0.3807792
-0.3810399
-0.3814319
-0.3819281
-0.3824632
-0.3829621
-0.3833464
-0.3836285
-0.3837914
-0.3837856
-0.3835690
-0.3831986
-0.3828101
-0.3824333
-0.3821458
-0.3819750
-0.3819985
-0.3822527
-0.3827555
-0.3834556
-0.3842296
-0.3850016
-0.3856806
-0.3861310
-0.3863072
-0.3863139
-0.3863821
-0.3865611
-0.3868830
-0.3873460
-0.3879068
-0.3885143
-0.3890959
-0.3896132
-0.3900788
-0.3904278
-0.3905953
-0.3906061
-0.3905234
-0.3904444
-0.3904639
-0.3906125
-0.3909752
-0.3915896
-0.3924644
-0.3935720
-0.3948439
-0.3961118
-0.3972648
-0.3982262
-0.3989216
-0.3993798
-0.3996444
-0.3998425
-0.4000713
-0.4004350
-0.4009515
-0.4016209
-0.4024264
-0.4033023
-0.4040732
-0.4046662
-0.4050453
-0.4051666
-0.4051163
-0.4049460
-0.4047042
-0.4044267
-0.4041817
-0.4041159
-0.4042234
-0.4046351
-0.4052943
-0.4061226
-0.4070415
-0.4079584
-0.4087575
-0.4093475
-0.4096975
-0.4098663
-0.4099561
-0.4100604
-0.4103197
-0.4108129
-0.4115562
-0.4124706
-0.4135203
-0.4145988
-0.4155718
-0.4163662
-0.4169679
-0.4173794
-0.4175297
-0.4174780
-0.4173365
-0.4172144
-0.4171866
-0.4173432
-0.4177178
-0.4183370
-0.4191760
-0.4201173
-0.4210117
-0.4217356
-0.4222041
-0.4224457
-0.4225039
-0.4224547
-0.4224571
-0.4225680
-0.4229068
-0.4234993
-0.4243633
-0.4254512
-0.4265929
-0.4277225
-0.4288113
-0.4297795
-0.4305988
-0.4312454
-0.4317269
-0.4321096
-0.4324992
-0.4329742
-0.4336168
-0.4344750
-0.4355470
-0.4368783
-0.4384033
-0.4399519
-0.4414092
-0.4426208
-0.4435132
-0.4441812
-0.4446345
-0.4449562
-0.4453458
-0.4459313
-0.4467330
-0.4476852
-0.4487321
-0.4497723
-0.4507350
-0.4515518
-0.4521415
-0.4525044
-0.4526320
-0.4525428
-0.4523500
-0.4521196
-0.4519698
-0.4519775
-0.4522119
-0.4526781
-0.4534417
-0.4544476
-0.4555714
-0.4567064
-0.4577586
-0.4586098
-0.4592444
-0.4596846
-0.4600115
-0.4603803
-0.4608832
-0.4615421
-0.4623643
-0.4633277
-0.4643678
-0.4654084
-0.4663474
-0.4671515
-0.4677531
-0.4681676
-0.4683568
-0.4684258
-0.4683890
-0.4682814
-0.4682645
-0.4683064
-0.4684818
-0.4688519
-0.4693303
-0.4698766
-0.4704131
-0.4708695
-0.4711532
-0.4711745
-0.4710167
-0.4707194
-0.4704419
-0.4703036
-0.4703743
-0.4705973
-0.4709840
-0.4714269
-0.4718995
-0.4723112
-0.4725733
-0.4726253
-0.4724176
-0.4720052
-0.4714669
-0.4708603
-0.4702949
-0.4697730
-0.4693690
-0.4691271
-0.4690311
-0.4691201
-0.4693447
-0.4695492
-0.4696848
-0.4696713
-0.4694712
-0.4690041
-0.4683765
-0.4676074
-0.4668830
-0.4663605
-0.4660755
-0.4659502
-0.4658676
-0.4657494
-0.4655274
-0.4651495
-0.4646056
-0.4638747
-0.4629501
-0.4619249
-0.4608734
-0.4598622
-0.4589704
-0.4582332
-0.4576713
-0.4573204
-0.4571928
-0.4572124
-0.4573004
-0.4573589
-0.4572846
-0.4569965
-0.4564780
-0.4557761
-0.4550287
-0.4543775
-0.4539292
-0.4537819
-0.4539026
-0.4541540
-0.4544056
-0.4545594
-0.4546161
-0.4545214
-0.4542542
-0.4538207
-0.4532336
-0.4526199
-0.4519663
-0.4513976
-0.4509482
-0.4506920
-0.4506789
-0.4509092
-0.4513253
-0.4518590
-0.4524044
-0.4528204
-0.4530144
-0.4529846
-0.4528133
-0.4524676
-0.4521117
-0.4518419
-0.4518219
-0.4520847
-0.4525772
-0.4531630
-0.4537126
-0.4540880
-0.4542768
-0.4541966
-0.4538134
-0.4531941
-0.4524262
-0.4516230
-0.4508892
-0.4503531
-0.4500824
-0.4501040
-0.4504238
-0.4509743
-0.4516423
-0.4523002
-0.4528594
-0.4531590
-0.4531993
-0.4530340
-0.4527450
-0.4524482
-0.4522696
-0.4523306
-0.4526484
-0.4531861
-0.4539326
-0.4547437
-0.4554398
-0.4559635
-0.4563499
-0.4565618
-0.4566360
-0.4566493
-0.4566569
-0.4567428
-0.4569311
-0.4571394
-0.4575810
-0.4582334
-0.4590967
-0.4601547
-0.4612890
-0.4623538
-0.4633000
-0.4639045
-0.4641774
-0.4642354
-0.4642146
-0.4642676
-0.4645056
-0.4649676
-0.4656218
-0.4664304
-0.4673189
-0.4682223
-0.4690428
-0.4696952
-0.4701097
-0.4702877
-0.4703172
-0.4702895
-0.4702677
-0.4703000
-0.4704622
-0.4708506
-0.4715050
-0.4724209
-0.4735583
-0.4748554
-0.4761651
-0.4773431
-0.4783544
-0.4790608
-0.4795047
-0.4798347
-0.4801759
-0.4806667
-0.4813838
-0.4823068
-0.4833934
-0.4845240
-0.4856240
-0.4866064
-0.4873790
-0.4879469
-0.4882663
-0.4883832
-0.4883924
-0.4883626
-0.4883184
-0.4884483
-0.4887344
-0.4891821
-0.4898445
-0.4907108
-0.4917250
-0.4928183
-0.4938597
-0.4946831
-0.4953150
-0.4957013
-0.4959110
-0.4961060
-0.4964856
-0.4970926
-0.4979082
-0.4989060
-0.4999654
-0.5010249
-0.5019431
-0.5025908
-0.5030770
-0.5033539
-0.5033972
-0.5032901
-0.5031326
-0.5030056
-0.5029508
-0.5029755
-0.5031902
-0.5036331
-0.5042647
-0.5050108
-0.5058501
-0.5066927
-0.5073967
-0.5078796
-0.5081597
-0.5083303
-0.5085088
-0.5087861
-0.5093369
-0.5101828
-0.5112709
-0.5124581
-0.5136566
-0.5147632
-0.5157039
-0.5164171
-0.5168935
-0.5172200
-0.5174053
-0.5174871
-0.5175273
-0.5175838
-0.5177076
-0.5179750
-0.5184380
-0.5190554
-0.5197417
-0.5204651
-0.5211925
-0.5218758
-0.5224067
-0.5227558
-0.5229445
-0.5231776
-0.5235466
-0.5240715
-0.5248783
-0.5260336
-0.5274567
-0.5290254
-0.5305566
-0.5319012
-0.5329806
-0.5337615
-0.5343059
-0.5346974
-0.5351226
-0.5356425
-0.5362904
-0.5371072
-0.5381008
-0.5392968
-0.5407086
-0.5423072
-0.5440295
-0.5457277
-0.5473454
-0.5488276
-0.5501087
-0.5512141
-0.5522180
-0.5531601
-0.5541259
-0.5552317
-0.5565024
-0.5578926
-0.5593790
-0.5609074
-0.5622896
-0.5633979
-0.5641619
-0.5645848
-0.5647624
-0.5648095
-0.5648510
-0.5649388
-0.5651159
-0.5654438
-0.5660262
-0.5668755
-0.5679405
-0.5691296
-0.5703209
-0.5714122
-0.5723208
-0.5729802
-0.5733557
-0.5735332
-0.5736248
-0.5738493
-0.5743153
-0.5750783
-0.5760640
-0.5772329
-0.5785189
-0.5797978
-0.5808564
-0.5815866
-0.5820671
-0.5823474
-0.5825878
-0.5828455
-0.5831766
-0.5836551
-0.5843024
-0.5851471
-0.5861835
-0.5873970
-0.5887601
-0.5901765
-0.5916038
-0.5929251
-0.5940479
-0.5949044
-0.5955036
-0.5959591
-0.5964701
-0.5971163
-0.5979921
-0.5991153
-0.6004421
-0.6018504
-0.6031988
-0.6044081
-0.6054416
-0.6062342
-0.6067939
-0.6071726
-0.6074306
-0.6076781
-0.6079291
-0.6083097
-0.6088666
-0.6095880
-0.6104146
-0.6113689
-0.6123964
-0.6133560
-0.6142208
-0.6148402
-0.6151336
-0.6151146
-0.6148613
-0.6145616
-0.6144092
-0.6144924
-0.6148260
-0.6153852
-0.6160949
-0.6168223
-0.6173770
-0.6176732
-0.6177715
-0.6176338
-0.6173053
-0.6168357
-0.6162621
-0.6157417
-0.6153456
-0.6150603
-0.6149017
-0.6149078
-0.6150723
-0.6153796
-0.6157751
-0.6161260
-0.6163016
-0.6162352
-0.6159430
-0.6154661
-0.6149581
-0.6145765
-0.6144171
-0.6145384
-0.6148030
-0.6151287
-0.6153940
-0.6155463
-0.6154581
-0.6151047
-0.6144493
-0.6135384
-0.6125112
-0.6114603
-0.6104674
-0.6096153
-0.6088974
-0.6083348
-0.6079961
-0.6078345
-0.6077672
-0.6077534
-0.6076803
-0.6074750
-0.6071092
-0.6064945
-0.6056979
-0.6048388
-0.6040422
-0.6034029
-0.6031523
-0.6032539
-0.6036493
-0.6041418
-0.6045783
-0.6048386
-0.6048510
-0.6046577
-0.6042110
-0.6036444
-0.6030236
-0.6023727
-0.6017639
-0.6012537
-0.6009566
-0.6008906
-0.6010624
-0.6013918
-0.6018389
-0.6022555
-0.6025543
-0.6026679
-0.6025790
-0.6022243
-0.6017581
-0.6013493
-0.6009926
-0.6008920
-0.6011322
-0.6017048
-0.6024470
-0.6030849
-0.6035014
-0.6036539
-0.6035315
-0.6030689
-0.6024068
-0.6015635
-0.6006508
-0.5997957
-0.5990970
-0.5986464
-0.5984958
-0.5986111
-0.5988513
-0.5992194
-0.5996635
-0.6001331
-0.6005157
-0.6007263
-0.6007413
-0.6005705
-0.6003941
-0.6003754
-0.6005940
-0.6011433
-0.6020689
-0.6032769
-0.6045714
-0.6057848
-0.6067466
-0.6073929
-0.6077222
-0.6077732
-0.6076573
-0.6074640
-0.6073144
-0.6072227
-0.6073055
-0.6076058
-0.6080624
-0.6087249
-0.6094761
-0.6102194
-0.6108669
-0.6113553
-0.6116984
-0.6119393
-0.6120238
-0.6120234
-0.6120574
-0.6122265
-0.6126428
-0.6133568
-0.6143862
-0.6155544
-0.6167080
-0.6177426
-0.6185768
-0.6191603
-0.6195141
-0.6197244
-0.6198695
-0.6200057
-0.6202383
-0.6205417
-0.6209797
-0.6216450
-0.6224709
-0.6234876
-0.6245819
-0.6256441
-0.6265700
-0.6273036
-0.6278348
-0.6280842
-0.6282543
-0.6284096
-0.6287321
-0.6293167
-0.6302951
-0.6315509
-0.6329960
-0.6344545
-0.6357972
-0.6369041
-0.6377093
-0.6382638
-0.6386029
-0.6387672
-0.6390024
-0.6393338
-0.6398065
-0.6404074
-0.6411481
-0.6420243
-0.6430137
-0.6440635
-0.6450758
-0.6459555
-0.6466298
-0.6470907
-0.6473554
-0.6474953
-0.6476248
-0.6477409
-0.6480052
-0.6485671
-0.6493253
-0.6502671
-0.6512439
-0.6521296
-0.6528846
-0.6534575
-0.6538075
-0.6539379
-0.6540022
-0.6540401
-0.6541251
-0.6543167
-0.6546604
-0.6552303
-0.6559648
-0.6568264
-0.6577610
-0.6586850
-0.6595486
-0.6602788
-0.6607848
-0.6610964
-0.6611419
-0.6611256
0.3388154
0.3385829
0.3381061
0.3374082
0.3365409
0.3355845
0.3346766
0.3339552
0.3334918
0.3332886
0.3333062
0.3334979
0.3337714
0.3339975
0.3340874
0.3340738
0.3339423
0.3336441
0.3331309
0.3325429
0.3318801
0.3311887
0.3305389
0.3299882
0.3295147
0.3291185
0.3287226
0.3282724
0.3276937
0.3268631
0.3257269
0.3242968
0.3227242
0.3211803
0.3197550
0.3186258
0.3177861
0.3172150
0.3168172
0.3164663
0.3160758
0.3156006
0.3149931
0.3142204
0.3133379
0.3123745
0.3113496
0.3102605
0.3091439
0.3080867
0.3071316
0.3063712
0.3058255
0.3054215
0.3050482
0.3045124
0.3037027
0.3024909
0.3008924
0.2990051
0.2970077
0.2951838
0.2936003
0.2923294
0.2914068
0.2907622
0.2903007
0.2899218
0.2895667
0.2891726
0.2886712
0.2879776
0.2871165
0.2861116
0.2850594
0.2840351
0.2830997
0.2822174
0.2814682
0.2808826
0.2803917
0.2798949
0.2793230
0.2785181
0.2773348
0.2757922
0.2739632
0.2719153
0.2698598
0.2680163
0.2664990
0.2653703
0.2645518
0.2639572
0.2634070
0.2628404
0.2621917
0.2614194
0.2604346
0.2592565
0.2580281
0.2567748
0.2555340
0.2543516
0.2533304
0.2525085
0.2518561
0.2513218
0.2508291
0.2503042
0.2496606
0.2487780
0.2475620
0.2460162
0.2442568
0.2424241
0.2406463
0.2390411
0.2377079
0.2367126
0.2359683
0.2352703
0.2344843
0.2336176
0.2326196
0.2315002
0.2302177
0.2288544
0.2273950
0.2258846
0.2243880
0.2229503
0.2216296
0.2204908
0.2195555
0.2187223
0.2179648
0.2172065
0.2162900
0.2151436
0.2137926
0.2122886
0.2107069
0.2091697
0.2078068
0.2066871
0.2059257
0.2054944
0.2052858
0.2051360
0.2049151
0.2046100
0.2041301
0.2034953
0.2027459
0.2019558
0.2011974
0.2004855
0.1999160
0.1995636
0.1994758
0.1996333
0.1999821
0.2003728
0.2006644
0.2007719
0.2006219
0.2001437
0.1993990
0.1985417
0.1976981
0.1970122
0.1964962
0.1962146
0.1961120
0.1961937
0.1963079
0.1963163
0.1961743
0.1958382
0.1952700
0.1945209
0.1936045
0.1926378
0.1916720
0.1907246
0.1899070
0.1893001
0.1888949
0.1887620
0.1887413
0.1887560
0.1886745
0.1884051
0.1878073
0.1868983
0.1857917
0.1847112
0.1837892
0.1830911
0.1826662
0.1825122
0.1825868
0.1828167
0.1830796
0.1832364
0.1832668
0.1831328
0.1828921
0.1825442
0.1821120
0.1816446
0.1811826
0.1807924
0.1805713
0.1804969
0.1805432
0.1807045
0.1809083
0.1809917
0.1808334
0.1803304
0.1794929
0.1784345
0.1773193
0.1763564
0.1756505
0.1752249
0.1750512
0.1750914
0.1752532
0.1754297
0.1754757
0.1753374
0.1750289
0.1745210
0.1738778
0.1731664
0.1724425
0.1717415
0.1711204
0.1706181
0.1703007
0.1701788
0.1701458
0.1701469
0.1700397
0.1696598
0.1689490
0.1678708
0.1664690
0.1649025
0.1633746
0.1620604
0.1610706
0.1603667
0.1598278
0.1594791
0.1591776
0.1588416
0.1583817
0.1577267
0.1568802
0.1558944
0.1547692
0.1535797
0.1524378
0.1513644
0.1503969
0.1495516
0.1488311
0.1482214
0.1475877
0.1468548
0.1459994
0.1448817
0.1434069
0.1415850
0.1394469
0.1371800
0.1350048
0.1331218
0.1315844
0.1303579
0.1293179
0.1283931
0.1275670
0.1266780
0.1256704
0.1245059
0.1232022
0.1217888
0.1203040
0.1188194
0.1173729
0.1160198
0.1147917
0.1137404
0.1128542
0.1120479
0.1113109
0.1105100
0.1095268
0.1082737
0.1067384
0.1048986
0.1028933
0.1009141
0.0991303
0.0977218
0.0966421
0.0958327
0.0951433
0.0944675
0.0937492
0.0928034
0.0917422
0.0905580
0.0893101
0.0880866
0.0868432
0.0856541
0.0845763
0.0836128
0.0827758
0.0820703
0.0814609
0.0809232
0.0803169
0.0795070
0.0784116
0.0770194
0.0753817
0.0736030
0.0718011
0.0701259
0.0687427
0.0676391
0.0667506
0.0659983
0.0653100
0.0645052
0.0635581
0.0624269
0.0611358
0.0597520
0.0583055
0.0569078
0.0556466
0.0544301
0.0533893
0.0525659
0.0518653
0.0512524
0.0507255
0.0501887
0.0494775
0.0485320
0.0473109
0.0458451
0.0442174
0.0425702
0.0410235
0.0396058
0.0384618
0.0375947
0.0369395
0.0364008
0.0358563
0.0352604
0.0344619
0.0334720
0.0323305
0.0310640
0.0297136
0.0283457
0.0270770
0.0258575
0.0247690
0.0238394
0.0230249
0.0221980
0.0213974
0.0204607
0.0192214
0.0176771
0.0158583
0.0138173
0.0116745
0.0096172
0.0077894
0.0062056
0.0048975
0.0038165
0.0028280
0.0018306
0.0007343
-0.0005220
-0.0019608
-0.0035410
-0.0052099
-0.0069239
-0.0086085
-0.0102181
-0.0116632
-0.0129349
-0.0140517
-0.0150058
-0.0158079
-0.0165486
-0.0172904
-0.0181261
-0.0191355
-0.0203683
-0.0218774
-0.0234737
-0.0250034
-0.0262933
-0.0272765
-0.0280344
-0.0285775
-0.0290189
-0.0294396
-0.0299271
-0.0305377
-0.0313040
-0.0322565
-0.0333445
-0.0345420
-0.0357794
-0.0369825
-0.0381623
-0.0392306
-0.0401246
-0.0408620
-0.0414729
-0.0420246
-0.0426008
-0.0432820
-0.0442138
-0.0455355
-0.0472719
-0.0492672
-0.0513683
-0.0534017
-0.0551223
-0.0564171
-0.0573568
-0.0581155
-0.0588183
-0.0595452
-0.0603999
-0.0614522
-0.0626550
-0.0639711
-0.0653732
-0.0668914
-0.0684486
-0.0699754
-0.0714246
-0.0727737
-0.0740273
-0.0752547
-0.0764561
-0.0776443
-0.0788954
-0.0802720
-0.0818505
-0.0837516
-0.0858864
-0.0881686
-0.0904223
-0.0924279
-0.0940665
-0.0953137
-0.0962541
-0.0970607
-0.0978892
-0.0988072
-0.0998265
-0.1010065
-0.1023264
-0.1037720
-0.1052546
-0.1067047
-0.1080663
-0.1092950
-0.1103933
-0.1113402
-0.1121636
-0.1128785
-0.1135213
-0.1142200
-0.1151347
-0.1163197
-0.1178224
-0.1196698
-0.1218166
-0.1240283
-0.1261017
-0.1278520
-0.1292227
-0.1303217
-0.1312313
-0.1321037
-0.1330324
-0.1339489
-0.1349274
-0.1360502
-0.1373325
-0.1386363
-0.1398784
-0.1410142
-0.1420019
-0.1428237
-0.1434747
-0.1439422
-0.1442181
-0.1443791
-0.1445654
-0.1449309
-0.1455175
-0.1462892
-0.1472473
-0.1483229
-0.1494527
-0.1505508
-0.1514605
-0.1520549
-0.1523304
-0.1523691
-0.1522995
-0.1523056
-0.1524945
-0.1528683
-0.1534277
-0.1541325
-0.1548848
-0.1555932
-0.1562123
-0.1567295
-0.1571002
-0.1573316
-0.1574263
-0.1574177
-0.1573791
-0.1573384
-0.1574224
-0.1577359
-0.1583021
-0.1590702
-0.1599823
-0.1609402
-0.1618205
-0.1624550
-0.1627775
-0.1628587
-0.1627207
-0.1624729
-0.1621757
-0.1619977
-0.1619913
-0.1621581
-0.1624823
-0.1628840
-0.1632638
-0.1635569
-0.1637250
-0.1637150
-0.1635141
-0.1631283
-0.1625735
-0.1619526
-0.1613571
-0.1609274
-0.1607406
-0.1608255
-0.1611900
-0.1618157
-0.1626092
-0.1633647
-0.1639614
-0.1643057
-0.1643531
-0.1641402
-0.1637527
-0.1632897
-0.1629074
-0.1627287
-0.1627481
-0.1628941
-0.1631343
-0.1634100
-0.1636412
-0.1638584
-0.1639945
-0.1640032
-0.1638544
-0.1635470
-0.1631167
-0.1626133
-0.1621747
-0.1619039
-0.1619012
-0.1622073
-0.1628444
-0.1637131
-0.1646908
-0.1656418
-0.1663995
-0.1668888
-0.1671221
-0.1671855
-0.1672280
-0.1673543
-0.1676475
-0.1681518
-0.1688705
-0.1696996
-0.1705945
-0.1715565
-0.1724534
-0.1732319
-0.1738663
-0.1743497
-0.1747126
-0.1749626
-0.1751793
-0.1754798
-0.1759364
-0.1766008
-0.1775483
-0.1787930
-0.1803969
-0.1821212
-0.1837531
-0.1851727
-0.1863018
-0.1871326
-0.1877173
-0.1882245
-0.1887581
-0.1893727
-0.1900881
-0.1909505
-0.1919345
-0.1929803
-0.1940604
-0.1951598
-0.1961633
-0.1970259
-0.1977044
-0.1982245
-0.1986506
-0.1990340
-0.1994826
-0.2000382
-0.2007540
-0.2016826
-0.2028303
-0.2042201
-0.2058397
-0.2075322
-0.2090639
-0.2102535
-0.2110818
-0.2116642
-0.2121571
-0.2126445
-0.2132016
-0.2138878
-0.2147377
-0.2157239
-0.2167456
-0.2177907
-0.2188437
-0.2198927
-0.2208403
-0.2216009
-0.2221741
-0.2225880
-0.2229106
-0.2232570
-0.2237199
-0.2244401
-0.2254306
-0.2267003
-0.2282790
-0.2301163
-0.2320969
-0.2340972
-0.2359395
-0.2375066
-0.2387656
-0.2397788
-0.2406861
-0.2416457
-0.2427534
-0.2440613
-0.2455565
-0.2471363
-0.2487409
-0.2502541
-0.2515895
-0.2526736
-0.2535077
-0.2540898
-0.2544480
-0.2546565
-0.2548111
-0.2550355
-0.2553928
-0.2559096
-0.2566401
-0.2576265
-0.2588348
-0.2601572
-0.2614673
-0.2627327
-0.2638347
-0.2646157
-0.2651691
-0.2656432
-0.2661601
-0.2668075
-0.2676266
-0.2686216
-0.2697601
-0.2710253
-0.2722472
-0.2733505
-0.2743264
-0.2751941
-0.2759559
-0.2766130
-0.2772064
-0.2777461
-0.2782620
-0.2788484
-0.2795735
-0.2804611
-0.2815520
-0.2828288
-0.2842081
-0.2855937
-0.2869114
-0.2880024
-0.2887964
-0.2893575
-0.2897856
-0.2902156
-0.2908076
-0.2916466
-0.2927596
-0.2940929
-0.2955918
-0.2971263
-0.2986059
-0.2999634
-0.3011104
-0.3020219
-0.3027538
-0.3033934
-0.3039714
-0.3045322
-0.3052069
-0.3060705
-0.3071492
-0.3084677
-0.3099751
-0.3115704
-0.3132312
-0.3148228
-0.3161765
-0.3173249
-0.3182345
-0.3189204
-0.3194793
-0.3200803
-0.3208788
-0.3219270
-0.3231586
-0.3244978
-0.3258399
-0.3271139
-0.3282884
-0.3292838
-0.3300594
-0.3306105
-0.3309702
-0.3312030
-0.3314376
-0.3317839
-0.3322419
-0.3329699
-0.3339920
-0.3352701
-0.3367567
-0.3383369
-0.3398119
-0.3410848
-0.3420864
-0.3428140
-0.3433349
-0.3437722
-0.3442790
-0.3449387
-0.3458125
-0.3469654
-0.3483018
-0.3497199
-0.3512168
-0.3526682
-0.3540380
-0.3552779
-0.3563440
-0.3572281
-0.3579641
-0.3586006
-0.3592562
-0.3600254
-0.3609934
-0.3621803
-0.3636382
-0.3652840
-0.3671218
-0.3690469
-0.3708056
-0.3722139
-0.3732801
-0.3740468
-0.3746300
-0.3751698
-0.3757768
-0.3765822
-0.3776511
-0.3789130
-0.3802552
-0.3816113
-0.3829355
-0.3841684
-0.3852365
-0.3861575
-0.3869292
-0.3875968
-0.3882007
-0.3887710
-0.3893960
-0.3902005
-0.3912172
-0.3925133
-0.3940786
-0.3957819
-0.3976157
-0.3994649
-0.4011488
-0.4025727
-0.4036637
-0.4045578
-0.4054161
-0.4063548
-0.4074805
-0.4088793
-0.4104687
-0.4121408
-0.4138126
-0.4154092
-0.4168301
-0.4180144
-0.4190177
-0.4198115
-0.4203650
-0.4207398
-0.4210313
-0.4213272
-0.4217223
-0.4222954
-0.4230725
-0.4240241
-0.4251313
-0.4263523
-0.4275960
-0.4287298
-0.4296748
-0.4303338
-0.4307688
-0.4310920
-0.4314417
-0.4319038
-0.4325306
-0.4333168
-0.4342597
-0.4352681
-0.4361853
-0.4369326
-0.4374937
-0.4378231
-0.4379904
-0.4380619
-0.4380281
-0.4379526
-0.4379037
-0.4379105
-0.4380976
-0.4385214
-0.4391961
-0.4400646
-0.4410350
-0.4420641
-0.4429832
-0.4437721
-0.4443814
-0.4447523
-0.4449383
-0.4450816
-0.4453575
-0.4458278
-0.4464683
-0.4472475
-0.4480642
-0.4487483
-0.4493252
-0.4497292
-0.4498696
-0.4497823
-0.4495394
-0.4491865
-0.4487735
-0.4484048
-0.4481626
-0.4480685
-0.4481963
-0.4486138
-0.4492286
-0.4499483
-0.4507187
-0.4514709
-0.4521029
-0.4525179
-0.4527156
-0.4527711
-0.4527361
-0.4527940
-0.4530109
-0.4534408
-0.4540529
-0.4548412
-0.4556283
-0.4562937
-0.4568056
-0.4571376
-0.4572811
-0.4572746
-0.4571446
-0.4569326
-0.4567201
-0.4565993
-0.4566137
-0.4568022
-0.4571491
-0.4577139
-0.4584636
-0.4593235
-0.4601367
-0.4607817
-0.4612468
-0.4614924
-0.4615812
-0.4616370
-0.4617679
-0.4620571
-0.4625417
-0.4633170
-0.4642819
-0.4653393
-0.4663946
-0.4672815
-0.4679607
-0.4684816
-0.4687831
-0.4689628
-0.4690837
-0.4692033
-0.4694480
-0.4698500
-0.4704801
-0.4714103
-0.4726334
-0.4740963
-0.4757110
-0.4773303
-0.4788009
-0.4800227
-0.4809882
-0.4816868
-0.4822636
-0.4828578
-0.4835052
-0.4843035
-0.4853665
-0.4866152
-0.4879853
-0.4894209
-0.4907852
-0.4919945
-0.4929939
-0.4937467
-0.4942866
-0.4946794
-0.4950269
-0.4953602
-0.4958376
-0.4965120
-0.4974152
-0.4985506
-0.4999134
-0.5014366
-0.5030344
-0.5045366
-0.5059251
-0.5071375
-0.5081566
-0.5090559
-0.5100282
-0.5111140
-0.5123294
-0.5137313
-0.5153236
-0.5169794
-0.5186220
-0.5202139
-0.5216981
-0.5230005
-0.5240729
-0.5249524
-0.5256984
-0.5263107
-0.5269285
-0.5275926
-0.5283034
-0.5291449
-0.5301834
-0.5314319
-0.5328838
-0.5345065
-0.5361813
-0.5377989
-0.5391959
-0.5403114
-0.5411708
-0.5419256
-0.5427715
-0.5438578
-0.5452703
-0.5469340
-0.5487638
-0.5506448
-0.5524718
-0.5541686
-0.5557059
-0.5570719
-0.5583160
-0.5593897
-0.5603349
-0.5612031
-0.5620937
-0.5630660
-0.5641194
-0.5652919
-0.5666490
-0.5681890
-0.5698318
-0.5715207
-0.5731227
-0.5744959
-0.5756155
-0.5764885
-0.5771569
-0.5778642
-0.5787629
-0.5799203
-0.5812525
-0.5826697
-0.5841259
-0.5855160
-0.5867379
-0.5877547
-0.5885847
-0.5892139
-0.5896220
-0.5898721
-0.5900643
-0.5903186
-0.5906682
-0.5911516
-0.5918710
0.4071620
0.4059821
0.4046762
0.4033504
0.4020723
0.4009087
0.3999438
0.3992249
0.3986869
0.3981294
0.3974555
0.3965086
0.3952810
0.3938503
0.3923412
0.3908879
0.3896155
0.3885519
0.3877619
0.3872501
0.3869723
0.3868407
0.3867853
0.3867388
0.3866163
0.3863277
0.3858681
0.3851968
0.3843663
0.3834323
0.3824491
0.3815369
0.3807093
0.3800411
0.3795087
0.3790730
0.3786283
0.3780893
0.3773285
0.3763047
0.3750207
0.3735887
0.3721539
0.3708819
0.3699216
0.3692095
0.3686765
0.3683027
0.3680637
0.3679165
0.3677735
0.3675973
0.3673329
0.3668600
0.3661429
0.3652115
0.3640896
0.3628343
0.3615576
0.3603287
0.3591945
0.3581920
0.3573045
0.3565386
0.3557784
0.3548758
0.3537680
0.3523876
0.3507571
0.3490140
0.3472848
0.3456994
0.3443314
0.3431949
0.3422748
0.3415403
0.3409251
0.3403459
0.3397076
0.3389312
0.3379205
0.3366750
0.3352213
0.3336178
0.3319575
0.3302969
0.3287207
0.3273434
0.3262115
0.3252907
0.3244947
0.3237071
0.3228320
0.3218105
0.3206123
0.3191668
0.3174939
0.3157151
0.3139796
0.3124056
0.3110212
0.3098591
0.3089310
0.3081644
0.3074362
0.3066518
0.3057504
0.3047263
0.3035457
0.3021777
0.3005890
0.2988293
0.2970112
0.2952550
0.2936468
0.2922281
0.2910218
0.2899699
0.2889681
0.2879015
0.2866975
0.2852947
0.2836833
0.2819242
0.2801328
0.2784300
0.2768993
0.2756441
0.2746741
0.2739204
0.2733111
0.2727715
0.2722378
0.2716499
0.2709406
0.2700883
0.2691050
0.2679878
0.2666981
0.2652600
0.2637757
0.2623745
0.2611697
0.2601420
0.2592747
0.2585233
0.2577832
0.2569335
0.2558846
0.2546057
0.2531644
0.2517073
0.2503537
0.2491601
0.2481804
0.2474214
0.2468931
0.2465087
0.2462295
0.2459726
0.2456633
0.2452479
0.2446650
0.2439260
0.2430779
0.2421528
0.2411597
0.2401232
0.2391601
0.2383518
0.2377399
0.2373475
0.2371293
0.2369998
0.2368231
0.2365345
0.2360397
0.2353686
0.2346265
0.2339287
0.2333910
0.2330873
0.2330242
0.2331599
0.2334241
0.2337907
0.2342148
0.2346222
0.2349595
0.2351473
0.2351954
0.2351179
0.2348896
0.2345891
0.2342864
0.2339984
0.2338012
0.2337441
0.2338041
0.2339462
0.2340987
0.2341778
0.2340985
0.2338171
0.2332871
0.2325786
0.2318121
0.2311092
0.2305546
0.2302496
0.2301760
0.2303093
0.2305878
0.2309331
0.2312171
0.2313942
0.2314777
0.2313825
0.2310581
0.2306019
0.2300216
0.2293543
0.2287044
0.2281613
0.2277836
0.2275996
0.2276012
0.2276742
0.2277309
0.2276289
0.2272421
0.2265794
0.2256807
0.2246729
0.2237255
0.2229103
0.2223074
0.2219417
0.2217453
0.2216414
0.2215693
0.2215028
0.2213852
0.2211653
0.2207887
0.2202304
0.2194995
0.2186272
0.2176704
0.2167275
0.2158665
0.2151613
0.2146522
0.2142952
0.2140333
0.2137378
0.2133134
0.2126868
0.2118177
0.2106727
0.2093294
0.2079841
0.2067072
0.2056199
0.2048254
0.2043001
0.2039182
0.2036157
0.2033342
0.2030543
0.2026915
0.2021023
0.2012403
0.2001336
0.1988924
0.1975996
0.1962677
0.1949966
0.1939034
0.1929740
0.1922201
0.1915918
0.1910042
0.1903831
0.1896703
0.1887299
0.1875452
0.1861716
0.1846832
0.1832009
0.1818767
0.1807739
0.1798958
0.1791960
0.1785976
0.1780257
0.1775044
0.1769433
0.1762223
0.1753341
0.1742773
0.1730993
0.1718510
0.1705810
0.1693250
0.1682020
0.1672193
0.1663982
0.1656965
0.1650286
0.1643628
0.1636066
0.1627164
0.1616829
0.1604596
0.1591321
0.1578115
0.1566593
0.1557138
0.1549621
0.1544016
0.1539445
0.1535563
0.1532185
0.1527860
0.1521619
0.1513126
0.1502933
0.1491590
0.1479114
0.1465703
0.1452167
0.1439547
0.1428441
0.1419493
0.1412421
0.1406089
0.1399600
0.1391780
0.1382469
0.1371174
0.1358355
0.1344069
0.1330114
0.1317651
0.1307355
0.1299063
0.1292044
0.1286034
0.1280306
0.1274282
0.1267676
0.1260142
0.1251217
0.1240690
0.1228478
0.1215383
0.1201977
0.1189541
0.1178054
0.1167792
0.1159283
0.1152926
0.1148687
0.1145120
0.1140766
0.1134437
0.1125242
0.1113696
0.1100166
0.1086228
0.1073451
0.1062581
0.1053967
0.1048136
0.1044171
0.1041360
0.1038786
0.1036438
0.1033252
0.1028553
0.1022133
0.1013664
0.1004104
0.0994201
0.0984205
0.0973963
0.0964105
0.0955112
0.0947243
0.0940878
0.0935359
0.0929280
0.0921017
0.0910041
0.0895952
0.0878640
0.0859790
0.0841220
0.0824220
0.0810019
0.0798494
0.0789124
0.0781603
0.0775379
0.0769860
0.0763854
0.0756515
0.0747554
0.0736737
0.0724277
0.0710421
0.0695800
0.0680570
0.0665773
0.0651958
0.0639478
0.0628253
0.0618165
0.0608625
0.0597829
0.0584645
0.0568963
0.0550361
0.0529867
0.0509225
0.0490444
0.0473929
0.0460180
0.0449306
0.0440233
0.0432633
0.0424616
0.0415423
0.0406041
0.0395939
0.0384778
0.0373805
0.0362544
0.0350516
0.0338199
0.0325908
0.0314887
0.0305692
0.0298096
0.0292008
0.0286575
0.0280634
0.0272775
0.0261400
0.0246654
0.0229461
0.0210328
0.0190528
0.0172211
0.0157270
0.0145629
0.0136468
0.0128564
0.0120682
0.0112018
0.0102345
0.0091356
0.0078733
0.0065087
0.0050570
0.0035143
0.0019577
0.0003961
-0.0010964
-0.0024666
-0.0036753
-0.0047748
-0.0058052
-0.0068489
-0.0080023
-0.0093762
-0.0109737
-0.0127386
-0.0146162
-0.0164844
-0.0182953
-0.0199309
-0.0212789
-0.0223440
-0.0231643
-0.0238161
-0.0243860
-0.0249139
-0.0254723
-0.0261018
-0.0268325
-0.0277102
-0.0287550
-0.0299236
-0.0311457
-0.0323353
-0.0333976
-0.0342898
-0.0350014
-0.0356520
-0.0363484
-0.0371592
-0.0382182
-0.0395168
-0.0410184
-0.0426741
-0.0443638
-0.0459146
-0.0472281
-0.0482684
-0.0490929
-0.0498000
-0.0503451
-0.0507459
-0.0511239
-0.0515863
-0.0521632
-0.0528319
-0.0535745
-0.0543157
-0.0550246
-0.0556846
-0.0562206
-0.0566637
-0.0569728
-0.0571654
-0.0572466
-0.0572968
-0.0573964
-0.0576007
-0.0579517
-0.0584559
-0.0590903
-0.0597416
-0.0601997
-0.0604112
-0.0604071
-0.0601521
-0.0597036
-0.0591313
-0.0585172
-0.0579359
-0.0574452
-0.0571057
-0.0569171
-0.0568565
-0.0568326
-0.0568720
-0.0569079
-0.0568525
-0.0566704
-0.0563329
-0.0558222
-0.0552238
-0.0546071
-0.0540673
-0.0536725
-0.0534837
-0.0535455
-0.0537667
-0.0540701
-0.0543906
-0.0545781
-0.0546296
-0.0544308
-0.0540139
-0.0533783
-0.0526049
-0.0518786
-0.0511698
-0.0505898
-0.0501960
-0.0499783
-0.0498650
-0.0497812
-0.0496963
-0.0495440
-0.0492949
-0.0489532
-0.0485605
-0.0481237
-0.0476816
-0.0472799
-0.0470360
-0.0470445
-0.0473514
-0.0479508
-0.0487021
-0.0494330
-0.0500540
-0.0504598
-0.0506086
-0.0505344
-0.0502470
-0.0498517
-0.0494691
-0.0491418
-0.0489237
-0.0489021
-0.0490405
-0.0492646
-0.0496033
-0.0500057
-0.0503420
-0.0506184
-0.0508092
-0.0509038
-0.0509123
-0.0508265
-0.0507401
-0.0507115
-0.0508425
-0.0512322
-0.0519192
-0.0528512
-0.0539295
-0.0549675
-0.0557652
-0.0562972
-0.0565520
-0.0565563
-0.0564303
-0.0562964
-0.0561867
-0.0561770
-0.0563074
-0.0565634
-0.0569133
-0.0573044
-0.0577616
-0.0582715
-0.0587261
-0.0591585
-0.0594893
-0.0596822
-0.0597941
-0.0598922
-0.0601111
-0.0604536
-0.0610944
-0.0621296
-0.0634884
-0.0651012
-0.0668100
-0.0684354
-0.0698490
-0.0710427
-0.0720137
-0.0728349
-0.0736130
-0.0743748
-0.0752193
-0.0761093
-0.0770858
-0.0781790
-0.0793474
-0.0805924
-0.0818148
-0.0829448
-0.0839569
-0.0848089
-0.0855201
-0.0861216
-0.0866628
-0.0871951
-0.0878312
-0.0886554
-0.0897378
-0.0911139
-0.0927171
-0.0944554
-0.0961559
-0.0977149
-0.0990695
-0.1001558
-0.1009802
-0.1016728
-0.1022580
-0.1028462
-0.1035296
-0.1043464
-0.1053267
-0.1064238
-0.1075889
-0.1087730
-0.1098785
-0.1108975
-0.1117373
-0.1124124
-0.1129731
-0.1134602
-0.1139529
-0.1145088
-0.1152079
-0.1161334
-0.1173226
-0.1186824
-0.1200655
-0.1214350
-0.1226696
-0.1236661
-0.1244069
-0.1249324
-0.1253634
-0.1257788
-0.1262487
-0.1267999
-0.1274692
-0.1281861
-0.1289061
-0.1296197
-0.1303459
-0.1309864
-0.1315385
-0.1320384
-0.1324180
-0.1326918
-0.1328254
-0.1328997
-0.1330995
-0.1334427
-0.1339947
-0.1347532
-0.1357081
-0.1368234
-0.1379412
-0.1389313
-0.1396551
-0.1402251
-0.1405584
-0.1407866
-0.1409717
-0.1411341
-0.1413431
-0.1416403
-0.1420680
-0.1425765
-0.1431287
-0.1437332
-0.1443285
-0.1449086
-0.1454639
-0.1459512
-0.1463243
-0.1466342
-0.1468980
-0.1471783
-0.1475617
-0.1480774
-0.1488019
-0.1497084
-0.1508186
-0.1519993
-0.1530898
-0.1540150
-0.1547263
-0.1552258
-0.1555832
-0.1558929
-0.1562058
-0.1565729
-0.1570404
-0.1576861
-0.1584192
-0.1592419
-0.1599991
-0.1607584
-0.1614620
-0.1620820
-0.1626259
-0.1630886
-0.1634715
-0.1638169
-0.1641776
-0.1646608
-0.1653670
-0.1663508
-0.1676545
-0.1691437
-0.1707643
-0.1723930
-0.1738290
-0.1749995
-0.1758482
-0.1764770
-0.1769527
-0.1773944
-0.1778379
-0.1784449
-0.1791941
-0.1800813
-0.1811576
-0.1823239
-0.1835345
-0.1847049
-0.1857511
-0.1867397
-0.1876246
-0.1884002
-0.1891227
-0.1896859
-0.1902936
-0.1910248
-0.1919967
-0.1932238
-0.1946539
-0.1962134
-0.1978061
-0.1993427
-0.2007236
-0.2018350
-0.2027590
-0.2035549
-0.2044340
-0.2053128
-0.2063351
-0.2075217
-0.2088501
-0.2102358
-0.2117117
-0.2131949
-0.2146877
-0.2160600
-0.2172734
-0.2183196
-0.2192328
-0.2199886
-0.2207286
-0.2214911
-0.2223387
-0.2233099
-0.2244802
-0.2257963
-0.2273029
-0.2289236
-0.2305818
-0.2321124
-0.2334559
-0.2345625
-0.2354511
-0.2361779
-0.2368905
-0.2376858
-0.2385587
-0.2395253
-0.2405632
-0.2416262
-0.2427710
-0.2438690
-0.2449046
-0.2458755
-0.2468446
-0.2476913
-0.2485734
-0.2493957
-0.2502152
-0.2511070
-0.2521187
-0.2533277
-0.2548156
-0.2564285
-0.2581686
-0.2599860
-0.2618099
-0.2634317
-0.2648411
-0.2659974
-0.2669922
-0.2677920
-0.2685655
-0.2693919
-0.2702053
-0.2710925
-0.2719747
-0.2728897
-0.2739032
-0.2748785
-0.2757781
-0.2765935
-0.2772666
-0.2778691
-0.2784124
-0.2789037
-0.2794069
-0.2800741
-0.2808927
-0.2818626
-0.2830019
-0.2841850
-0.2853088
-0.2863680
-0.2872801
-0.2879326
-0.2884357
-0.2887864
-0.2889789
-0.2891863
-0.2894230
-0.2897158
-0.2900703
-0.2904713
-0.2908787
-0.2912423
-0.2915207
-0.2916837
-0.2917410
-0.2917155
-0.2916116
-0.2914350
-0.2911699
-0.2908853
-0.2906594
-0.2905359
-0.2906884
-0.2910731
-0.2915671
-0.2920775
-0.2924877
-0.2927855
-0.2928549
-0.2927355
-0.2924881
-0.2921572
-0.2918351
-0.2915733
-0.2913861
-0.2913332
-0.2914229
-0.2915926
-0.2918628
-0.2920286
-0.2921548
-0.2922087
-0.2921934
-0.2920871
-0.2918674
-0.2915615
-0.2912146
-0.2909292
-0.2907370
-0.2907963
-0.2911297
-0.2916523
-0.2923160
-0.2930013
-0.2935970
-0.2940046
-0.2941518
-0.2941044
-0.2939744
-0.2937903
-0.2936230
-0.2934878
-0.2934783
-0.2935805
-0.2937060
-0.2939342
-0.2941726
-0.2944362
-0.2946209
-0.2946893
-0.2946694
-0.2945645
-0.2944070
-0.2942134
-0.2941315
-0.2942079
-0.2945375
-0.2951089
-0.2959071
-0.2968979
-0.2979009
-0.2988694
-0.2997096
-0.3003000
-0.3006631
-0.3008898
-0.3010547
-0.3012205
-0.3014973
-0.3018706
-0.3023210
-0.3028374
-0.3034327
-0.3040888
-0.3048018
-0.3055220
-0.3061422
-0.3066542
-0.3070799
-0.3074928
-0.3079028
-0.3083991
-0.3090427
-0.3099069
-0.3110126
-0.3124040
-0.3140012
-0.3157590
-0.3175251
-0.3191378
-0.3204820
-0.3216180
-0.3226170
-0.3235330
-0.3244544
-0.3254645
-0.3266096
-0.3278899
-0.3292369
-0.3306286
-0.3320141
-0.3333616
-0.3346464
-0.3358146
-0.3367681
-0.3375396
-0.3381448
-0.3386543
-0.3391626
-0.3397276
-0.3404086
-0.3412750
-0.3423644
-0.3436788
-0.3451601
-0.3467480
-0.3482749
-0.3496421
-0.3508107
-0.3517691
-0.3526034
-0.3534128
-0.3542928
-0.3552968
-0.3564174
-0.3576687
-0.3590668
-0.3604826
-0.3618733
-0.3632053
-0.3643694
-0.3653572
-0.3662327
-0.3669597
-0.3676398
-0.3682967
-0.3690030
-0.3698029
-0.3707408
-0.3718736
-0.3732001
-0.3747057
-0.3762488
-0.3777370
-0.3791597
-0.3804025
-0.3814266
-0.3822773
-0.3830431
-0.3838049
-0.3846194
-0.3855307
-0.3865643
-0.3877266
-0.3889258
-0.3900158
-0.3910308
-0.3919354
-0.3927138
-0.3933515
-0.3939089
-0.3944590
-0.3950151
-0.3955965
-0.3962776
-0.3971246
-0.3981626
-0.3993890
-0.4007634
-0.4022339
-0.4037271
-0.4051190
-0.4063598
-0.4073935
-0.4082159
-0.4089455
-0.4097400
-0.4106978
-0.4118586
-0.4132027
-0.4146848
-0.4162029
-0.4176613
-0.4190214
-0.4202648
-0.4213980
-0.4223942
-0.4232721
-0.4240557
-0.4247786
-0.4255347
-0.4263650
-0.4272860
-0.4283612
-0.4295977
-0.4310060
-0.4325226
-0.4340091
-0.4354148
-0.4366712
-0.4377258
-0.4385795
-0.4393170
-0.4400022
-0.4407870
-0.4417003
-0.4427053
-0.4437965
-0.4449119
-0.4460252
-0.4470733
-0.4479836
-0.4487867
-0.4494669
-0.4499704
-0.4503858
-0.4508132
-0.4512603
-0.4517530
-0.4523970
-0.4532993
-0.4544061
-0.4557245
-0.4571612
-0.4586355
-0.4600398
-0.4613192
-0.4623766
-0.4631776
-0.4637881
-0.4643412
-0.4649029
-0.4655653
-0.4663512
-0.4672339
-0.4681532
-0.4690464
-0.4698854
-0.4706121
-0.4712707
-0.4718105
-0.4722709
-0.4726324
-0.4729133
-0.4731904
-0.4735450
-0.4740142
-0.4746335
-0.4754499
-0.4764798
-0.4776982
-0.4790732
-0.4805217
-0.4820105
-0.4833846
-0.4846132
-0.4857612
-0.4868760
-0.4880476
-0.4893634
-0.4908208
-0.4923428
-0.4939144
-0.4955044
-0.4970016
-0.4984018
-0.4997429
-0.5010036
-0.5021422
-0.5031992
-0.5042053
-0.5051860
-0.5061973
-0.5072828
-0.5085026
-0.5098838
-0.5114347
-0.5131662
-0.5149853
-0.5168772
-0.5186533
-0.5201965
-0.5215252
-0.5226657
-0.5236975
-0.5247321
-0.5258400
-0.5270457
-0.5282884
-0.5295642
-0.5308761
-0.5322070
-0.5334866
-0.5347240
-0.5358529
-0.5368785
-0.5378022
-0.5386329
-0.5393948
-0.5401494
-0.5409427
-0.5417930
-0.5426882
-0.5436898
-0.5448744
-0.5462323
-0.5477035
-0.5491854
-0.5505853
-0.5518649
-0.5529561
-0.5538756
-0.5546979
-0.5555665
-0.5564929
-0.5574612
-0.5584842
-0.5595445
-0.5606125
-0.5616980
-0.5626945
-0.5636002
-0.5643440
-0.5649331
-0.5653978
-0.5657959
-0.5661771
-0.5665991
-0.5670934
-0.5677058
-0.5684470
-0.5693208
-0.5703339
-0.5714595
-0.5726584
-0.5738734
-0.5750149
-0.5759977
-0.5768207
-0.5774536
-0.5780246
-0.5786751
-0.5794443
-0.5803453
-0.5812424
-0.5820656
-0.5828436
-0.5835343
-0.5840898
-0.5844977
-0.5847596
-0.5849366
-0.5849866
-0.5849533
-0.5848839
-0.5848011
-0.5847516
-0.5848006
-0.5850151
-0.5853269
-0.5857246
-0.5861657
-0.5865362
-0.5867635
-0.5868382
0.4132360
0.4134329
0.4136649
0.4138357
0.4139381
0.4139090
0.4137206
0.4134654
0.4131595
0.4129017
0.4127266
0.4126878
0.4128703
0.4131192
0.4134176
0.4137875
0.4140667
0.4142120
0.4142484
0.4140703
0.4137311
0.4132575
0.4127029
0.4121276
0.4115805
0.4111148
0.4107843
0.4105463
0.4104189
0.4103420
0.4102107
0.4099558
0.4095687
0.4090562
0.4085147
0.4079208
0.4073651
0.4069418
0.4066911
0.4065853
0.4065939
0.4066612
0.4068189
0.4070249
0.4071791
0.4072257
0.4071218
0.4068509
0.4064281
0.4058508
0.4051799
0.4045002
0.4038961
0.4034138
0.4031017
0.4029178
0.4027981
0.4026078
0.4022582
0.4017185
0.4010248
0.4002344
0.3993668
0.3985381
0.3977349
0.3970006
0.3964270
0.3960454
0.3957375
0.3954858
0.3953054
0.3950460
0.3946579
0.3940986
0.3933550
0.3923891
0.3911607
0.3897588
0.3883411
0.3869749
0.3857670
0.3847232
0.3838884
0.3832342
0.3825790
0.3818646
0.3810238
0.3800086
0.3788016
0.3774639
0.3761277
0.3748313
0.3736744
0.3726900
0.3719087
0.3712444
0.3706706
0.3701607
0.3696643
0.3691112
0.3684159
0.3675522
0.3664891
0.3652585
0.3638878
0.3624022
0.3609023
0.3594850
0.3582393
0.3571875
0.3562739
0.3554956
0.3547351
0.3539020
0.3530147
0.3520110
0.3509134
0.3497692
0.3486063
0.3475024
0.3464781
0.3455555
0.3447059
0.3439508
0.3432268
0.3425395
0.3417984
0.3409567
0.3400008
0.3389473
0.3377304
0.3363784
0.3349997
0.3335472
0.3320250
0.3305316
0.3291356
0.3278205
0.3265224
0.3252111
0.3237853
0.3221875
0.3204733
0.3187318
0.3170088
0.3153303
0.3137462
0.3123363
0.3110610
0.3098877
0.3088517
0.3079138
0.3070114
0.3061403
0.3051862
0.3041510
0.3030417
0.3018389
0.3005381
0.2991751
0.2978252
0.2964702
0.2951240
0.2938975
0.2928122
0.2918460
0.2909438
0.2900344
0.2890300
0.2879469
0.2868190
0.2857004
0.2846763
0.2838007
0.2830606
0.2823450
0.2816746
0.2811082
0.2806224
0.2801623
0.2797079
0.2792466
0.2786558
0.2779256
0.2770883
0.2761282
0.2750376
0.2738579
0.2726554
0.2714658
0.2703940
0.2694610
0.2686128
0.2677605
0.2668048
0.2657242
0.2644881
0.2630738
0.2615563
0.2600722
0.2586746
0.2573738
0.2561237
0.2549760
0.2538718
0.2528051
0.2517352
0.2506428
0.2495150
0.2483926
0.2471458
0.2457661
0.2443012
0.2428060
0.2412341
0.2397396
0.2383571
0.2371333
0.2360347
0.2350279
0.2341099
0.2331829
0.2321368
0.2309459
0.2296110
0.2282024
0.2267810
0.2254461
0.2242864
0.2232852
0.2223857
0.2215959
0.2208943
0.2202744
0.2196390
0.2189334
0.2180816
0.2170559
0.2158557
0.2144874
0.2129245
0.2112418
0.2094860
0.2077441
0.2060651
0.2045381
0.2030737
0.2016048
0.2001163
0.1985679
0.1969073
0.1951557
0.1932851
0.1913782
0.1895017
0.1876584
0.1859062
0.1843020
0.1828340
0.1814613
0.1801982
0.1790023
0.1778626
0.1766848
0.1754747
0.1741520
0.1726355
0.1710009
0.1692292
0.1673211
0.1653464
0.1634090
0.1615531
0.1598257
0.1581724
0.1565892
0.1550246
0.1534224
0.1517385
0.1499090
0.1480169
0.1461412
0.1442992
0.1425473
0.1409426
0.1395053
0.1382150
0.1370335
0.1359302
0.1348233
0.1336804
0.1325140
0.1312823
0.1298836
0.1283412
0.1267088
0.1249603
0.1231361
0.1213204
0.1195678
0.1179525
0.1164951
0.1151266
0.1137661
0.1123692
0.1108911
0.1092936
0.1076440
0.1059509
0.1042859
0.1026739
0.1011289
0.0997510
0.0985565
0.0974625
0.0964668
0.0955523
0.0946652
0.0937365
0.0927257
0.0916012
0.0903489
0.0889539
0.0874655
0.0859419
0.0844496
0.0830428
0.0817374
0.0805218
0.0794452
0.0784722
0.0775582
0.0766742
0.0757532
0.0748112
0.0739814
0.0732154
0.0725314
0.0719172
0.0714329
0.0710617
0.0707856
0.0706098
0.0705170
0.0704198
0.0702383
0.0699913
0.0696534
0.0691578
0.0685298
0.0677966
0.0669953
0.0661305
0.0652916
0.0644891
0.0637689
0.0631856
0.0626467
0.0620633
0.0613829
0.0606321
0.0598391
0.0590525
0.0583331
0.0577567
0.0573648
0.0571688
0.0571541
0.0573039
0.0575753
0.0579196
0.0582704
0.0585723
0.0587691
0.0588315
0.0587518
0.0585339
0.0582178
0.0578331
0.0574152
0.0569755
0.0565381
0.0561853
0.0558713
0.0556306
0.0554168
0.0551544
0.0547813
0.0542776
0.0536570
0.0530011
0.0523613
0.0518237
0.0513999
0.0511055
0.0509420
0.0508660
0.0508648
0.0509210
0.0509588
0.0509267
0.0507814
0.0505592
0.0502446
0.0498322
0.0493334
0.0487767
0.0482495
0.0477927
0.0474007
0.0470657
0.0467600
0.0464214
0.0459766
0.0453952
0.0446775
0.0438265
0.0429417
0.0420846
0.0412853
0.0405929
0.0399983
0.0395294
0.0391923
0.0389164
0.0386812
0.0384563
0.0382032
0.0378518
0.0373866
0.0367922
0.0360588
0.0351797
0.0342270
0.0332607
0.0323571
0.0315377
0.0307820
0.0301030
0.0294743
0.0288068
0.0280226
0.0270911
0.0259804
0.0246802
0.0233011
0.0219448
0.0207358
0.0196568
0.0187071
0.0178299
0.0169769
0.0161823
0.0154352
0.0147358
0.0140098
0.0131836
0.0122483
0.0112049
0.0100247
0.0088008
0.0075145
0.0062200
0.0049547
0.0037506
0.0025848
0.0014702
0.0003805
-0.0007660
-0.0019575
-0.0032728
-0.0047108
-0.0062309
-0.0077533
-0.0092424
-0.0105971
-0.0117693
-0.0127629
-0.0136315
-0.0144147
-0.0151725
-0.0160257
-0.0170049
-0.0180586
-0.0192471
-0.0206062
-0.0220586
-0.0235869
-0.0251077
-0.0265232
-0.0278830
-0.0292074
-0.0304818
-0.0317206
-0.0328946
-0.0340308
-0.0351964
-0.0364447
-0.0377905
-0.0392298
-0.0407255
-0.0421787
-0.0435618
-0.0447728
-0.0458688
-0.0468665
-0.0478014
-0.0486895
-0.0495678
-0.0504532
-0.0514128
-0.0525437
-0.0537401
-0.0549961
-0.0563492
-0.0577830
-0.0592306
-0.0606288
-0.0619697
-0.0632623
-0.0644847
-0.0655973
-0.0667350
-0.0679480
-0.0692575
-0.0706532
-0.0720776
-0.0734665
-0.0747608
-0.0759674
-0.0770583
-0.0780344
-0.0788758
-0.0795984
-0.0802446
-0.0808412
-0.0814783
-0.0821956
-0.0830419
-0.0840371
-0.0851591
-0.0864039
-0.0877276
-0.0890961
-0.0905276
-0.0919530
-0.0933477
-0.0946579
-0.0958819
-0.0970367
-0.0982329
-0.0995101
-0.1008320
-0.1022330
-0.1036445
-0.1049905
-0.1061664
-0.1071840
-0.1080909
-0.1088456
-0.1094511
-0.1100221
-0.1105763
-0.1111561
-0.1118108
-0.1125964
-0.1134925
-0.1145480
-0.1157114
-0.1169430
-0.1182284
-0.1195125
-0.1207227
-0.1218332
-0.1228860
-0.1238405
-0.1247789
-0.1258098
-0.1269523
-0.1282620
-0.1296388
-0.1310424
-0.1324414
-0.1337384
-0.1348686
-0.1357797
-0.1365482
-0.1372251
-0.1378092
-0.1383708
-0.1389992
-0.1396629
-0.1404688
-0.1414005
-0.1424451
-0.1436370
-0.1449404
-0.1463111
-0.1477047
-0.1490547
-0.1503466
-0.1515364
-0.1526648
-0.1538132
-0.1550395
-0.1563942
-0.1579226
-0.1597313
-0.1616903
-0.1636815
-0.1656519
-0.1675210
-0.1692220
-0.1707423
-0.1721132
-0.1733458
-0.1744699
-0.1755501
-0.1766248
-0.1776750
-0.1787809
-0.1799784
-0.1812373
-0.1825138
-0.1837863
-0.1850320
-0.1862469
-0.1874253
-0.1885818
-0.1896833
-0.1908202
-0.1920450
-0.1933492
-0.1947895
-0.1963990
-0.1980998
-0.1998769
-0.2016791
-0.2034133
-0.2050057
-0.2064637
-0.2078260
-0.2090799
-0.2102708
-0.2114792
-0.2126806
-0.2138692
-0.2150735
-0.2163443
-0.2176731
-0.2190723
-0.2204940
-0.2219757
-0.2234255
-0.2247253
-0.2259357
-0.2271308
-0.2283271
-0.2295669
-0.2308717
-0.2323039
-0.2339010
-0.2356247
-0.2374779
-0.2394734
-0.2414590
-0.2433252
-0.2450391
-0.2465421
-0.2478488
-0.2490160
-0.2501342
-0.2512340
-0.2523586
-0.2535379
-0.2547874
-0.2561112
-0.2575238
-0.2589580
-0.2604119
-0.2618041
-0.2631205
-0.2642984
-0.2654092
-0.2664381
-0.2674366
-0.2684805
-0.2696188
-0.2708942
-0.2723030
-0.2737676
-0.2752176
-0.2766404
-0.2779222
-0.2790117
-0.2799279
-0.2807165
-0.2813447
-0.2818303
-0.2822357
-0.2826215
-0.2830384
-0.2834847
-0.2839727
-0.2845627
-0.2852184
-0.2859512
-0.2866920
-0.2873926
-0.2880683
-0.2887663
-0.2894048
-0.2900414
-0.2906970
-0.2914345
-0.2922606
-0.2932334
-0.2943725
-0.2955079
-0.2966759
-0.2977471
-0.2986765
-0.2994070
-0.2999933
-0.3003878
-0.3007082
-0.3008719
-0.3010134
-0.3012331
-0.3015055
-0.3018405
-0.3022227
-0.3026890
-0.3032311
-0.3037669
-0.3042752
-0.3047046
-0.3050512
-0.3053507
-0.3056230
-0.3059697
-0.3063708
-0.3069156
-0.3076399
-0.3085104
-0.3094234
-0.3103467
-0.3111682
-0.3118722
-0.3124230
-0.3127733
-0.3129878
-0.3130900
-0.3131133
-0.3131508
-0.3131811
-0.3132708
-0.3134201
-0.3136655
-0.3140294
-0.3144587
-0.3149156
-0.3153198
-0.3156520
-0.3159296
-0.3161091
-0.3162331
-0.3163137
-0.3164086
-0.3166624
-0.3170741
-0.3176583
-0.3183666
-0.3191874
-0.3200377
-0.3207983
-0.3214345
-0.3219432
-0.3223438
-0.3226695
-0.3228595
-0.3230432
-0.3232160
-0.3234374
-0.3236673
-0.3238958
-0.3241964
-0.3245954
-0.3250727
-0.3255696
-0.3260630
-0.3265870
-0.3270974
-0.3276182
-0.3281410
-0.3286930
-0.3292832
-0.3300461
-0.3309798
-0.3321102
-0.3333924
-0.3346890
-0.3358931
-0.3369343
-0.3377711
-0.3384790
-0.3390989
-0.3396715
-0.3402658
-0.3409300
-0.3416131
-0.3423125
-0.3430630
-0.3439184
-0.3448349
-0.3457144
-0.3466638
-0.3475758
-0.3483792
-0.3491339
-0.3498503
-0.3505647
-0.3512842
-0.3520582
-0.3529262
-0.3540034
-0.3552969
-0.3567506
-0.3582940
-0.3599301
-0.3614797
-0.3628262
-0.3639946
-0.3650891
-0.3661097
-0.3670327
-0.3679123
-0.3688332
-0.3697835
-0.3707658
-0.3718609
-0.3730293
-0.3742876
-0.3756295
-0.3770189
-0.3782999
-0.3794814
-0.3805875
-0.3816075
-0.3825916
-0.3835973
-0.3846706
-0.3858214
-0.3871110
-0.3886380
-0.3903237
-0.3920222
-0.3936586
-0.3951714
-0.3965193
-0.3977462
-0.3987653
-0.3996671
-0.4005223
-0.4013626
-0.4022685
-0.4032292
-0.4042347
-0.4052762
-0.4064286
-0.4076881
-0.4089505
-0.4101840
-0.4113458
-0.4124508
-0.4135074
-0.4145256
-0.4155432
-0.4165217
-0.4175545
-0.4187235
-0.4200612
-0.4215043
-0.4230039
-0.4244870
-0.4258842
-0.4272185
-0.4284358
-0.4295386
-0.4305080
-0.4314534
-0.4324445
-0.4334822
-0.4345506
-0.4357097
-0.4369395
-0.4381605
-0.4393887
-0.4406620
-0.4419619
-0.4432156
-0.4443933
-0.4454740
-0.4464573
-0.4473760
-0.4483472
-0.4494137
-0.4505903
-0.4519343
-0.4533682
-0.4548853
-0.4563802
-0.4577193
-0.4588926
-0.4599152
-0.4608299
-0.4616557
-0.4623768
-0.4630016
-0.4630016
-0.4643151
-0.4650880
-0.4660122
-0.4670620
-0.4681878
-0.4692933
-0.4703959
-0.4715326
-0.4726776
-0.4737839
-0.4748934
-0.4759508
-0.4770333
-0.4781788
-0.4793814
-0.4808052
-0.4823365
-0.4838633
-0.4854373
-0.4867847
-0.4880083
-0.4890642
-0.4899786
-0.4908254
-0.4916606
-0.4925305
-0.4934358
-0.4944321
-0.4955068
-0.4966596
-0.4978674
-0.4991452
-0.5005176
-0.5018837
-0.5031647
-0.5043660
-0.5055286
-0.5067034
-0.5078960
-0.5090570
-0.5102716
-0.5115833
-0.5130761
-0.5147543
-0.5165090
-0.5182671
-0.5199567
-0.5215202
-0.5228887
-0.5240217
-0.5250140
-0.5259344
-0.5268059
-0.5276748
-0.5285941
-0.5295742
-0.5306076
-0.5317315
-0.5328762
-0.5340976
-0.5353448
-0.5366606
-0.5380434
-0.5394373
-0.5408520
-0.5422681
-0.5436795
-0.5452077
-0.5468113
-0.5485455
-0.5504640
-0.5525818
-0.5547671
-0.5570514
-0.5592635
-0.5613029
-0.5632208
-0.5649826
-0.5666387
-0.5681125
-0.5695294
-0.5709237
-0.5722921
-0.5736649
-0.5750634
-0.5764171
-0.5777352
-0.5789928
-0.5802022
-0.5814261
-0.5826549
-0.5838712
-0.5851323
-0.5864044
-0.5877510
-0.5892630
-0.5909108
-0.5926746
-0.5945485
-0.5965396
-0.5985591
-0.6004308
-0.6022092
-0.6037213
-0.6050379
-0.6061459
-0.6071996
-0.6082139
-0.6092667
-0.6104453
-0.6116849
-0.6129902
-0.6143607
-0.6157415
-0.6171542
-0.6185112
-0.6197775
-0.6209697
-0.6220729
-0.6230920
-0.6240983
-0.6251695
-0.6262838
-0.6275410
-0.6289545
-0.6305802
-0.6323748
-0.6342644
-0.6361535
-0.6379997
-0.6397461
-0.6413176
-0.6427407
-0.6440508
-0.6452856
-0.6464092
-0.6475158
-0.6485374
-0.6495572
-0.6505676
-0.6516169
-0.6526091
-0.6536380
-0.6545684
-0.6554421
-0.6562130
-0.6569133
-0.6575488
-0.6581924
-0.6588244
-0.6595579
-0.6604117
-0.6614093
-0.6624918
-0.6635311
-0.6645469
-0.6654997
-0.6663246
-0.6669333
-0.6673534
-0.6677485
-0.6679675
-0.6681839
-0.6684274
-0.6688221
-0.6693410
-0.6699194
-0.6705649
-0.6713261
-0.6721359
-0.6729582
-0.6738090
-0.6746368
-0.6753836
-0.6760316
0.3233682
0.3227635
0.3221020
0.3212702
0.3202538
0.3190270
0.3177691
0.3163753
0.3150922
0.3138490
0.3127263
0.3117972
0.3110788
0.3105558
0.3101112
0.3097239
0.3092758
0.3088245
0.3083544
0.3078874
0.3073406
0.3067906
0.3062503
0.3057953
0.3052963
0.3048942
0.3044921
0.3040989
0.3037437
0.3032715
0.3026575
0.3018424
0.3008463
0.2996859
0.2984513
0.2972219
0.2960130
0.2950006
0.2941210
0.2933557
0.2927201
0.2921410
0.2915366
0.2909220
0.2901880
0.2894194
0.2886043
0.2877626
0.2869267
0.2861307
0.2853077
0.2844675
0.2836391
0.2828636
0.2821140
0.2813110
0.2804278
0.2794655
0.2783477
0.2770440
0.2755372
0.2738018
0.2719899
0.2701950
0.2684981
0.2670190
0.2656770
0.2644780
0.2633617
0.2623142
0.2612568
0.2601972
0.2591523
0.2579742
0.2566772
0.2553638
0.2540516
0.2527454
0.2515046
0.2503208
0.2491338
0.2479762
0.2467495
0.2455077
0.2441763
0.2427613
0.2411804
0.2393773
0.2373484
0.2352207
0.2331245
0.2311479
0.2293538
0.2278013
0.2264625
0.2252291
0.2240258
0.2227476
0.2214125
0.2200226
0.2186028
0.2170570
0.2154943
0.2138664
0.2122251
0.2105521
0.2090018
0.2076005
0.2061956
0.2047225
0.2031797
0.2016244
0.2000598
0.1983916
0.1965353
0.1944652
0.1922446
0.1899469
0.1876556
0.1854718
0.1834377
0.1816623
0.1800239
0.1785161
0.1770322
0.1755949
0.1741824
0.1727503
0.1712525
0.1696520
0.1680366
0.1664302
0.1648740
0.1633562
0.1618895
0.1604752
0.1591181
0.1577185
0.1563516
0.1549268
0.1534431
0.1518834
0.1502498
0.1485169
0.1466873
0.1448906
0.1430747
0.1413842
0.1397837
0.1383474
0.1369856
0.1355993
0.1341290
0.1325880
0.1309957
0.1293098
0.1276216
0.1259237
0.1242763
0.1225967
0.1209451
0.1193154
0.1176968
0.1162041
0.1147810
0.1133612
0.1119809
0.1105114
0.1089211
0.1072180
0.1053984
0.1035047
0.1015032
0.0995206
0.0976362
0.0958616
0.0943042
0.0929038
0.0914454
0.0900786
0.0885937
0.0869781
0.0852709
0.0834758
0.0815795
0.0796373
0.0777154
0.0757743
0.0738461
0.0719625
0.0701214
0.0683163
0.0665840
0.0648234
0.0630258
0.0610640
0.0590080
0.0568793
0.0546329
0.0524834
0.0503529
0.0484173
0.0465106
0.0447403
0.0431073
0.0415405
0.0400168
0.0384231
0.0368154
0.0351828
0.0335746
0.0319901
0.0304532
0.0289370
0.0275923
0.0262873
0.0249913
0.0237994
0.0226169
0.0214271
0.0201890
0.0186505
0.0171067
0.0153086
0.0133135
0.0112116
0.0091659
0.0071291
0.0052412
0.0035036
0.0019117
0.0004688
-0.0008558
-0.0021443
-0.0034666
-0.0048874
-0.0064308
-0.0080748
-0.0097922
-0.0115757
-0.0134193
-0.0152164
-0.0169658
-0.0186907
-0.0203653
-0.0220122
-0.0237020
-0.0254416
-0.0272359
-0.0291843
-0.0313091
-0.0335602
-0.0359172
-0.0383652
-0.0408624
-0.0432816
-0.0455797
-0.0477466
-0.0497693
-0.0516483
-0.0534664
-0.0552843
-0.0571428
-0.0590845
-0.0610988
-0.0631860
-0.0652933
-0.0673398
-0.0693540
-0.0713899
-0.0733993
-0.0753359
-0.0771843
-0.0789609
-0.0807003
-0.0824507
-0.0842461
-0.0861498
-0.0881531
-0.0902987
-0.0925765
-0.0949338
-0.0972744
-0.0995752
-0.1017219
-0.1036651
-0.1054736
-0.1071675
-0.1087543
-0.1102959
-0.1118952
-0.1135492
-0.1152155
-0.1169076
-0.1186310
-0.1203262
-0.1219708
-0.1235814
-0.1251158
-0.1265186
-0.1277979
-0.1290288
-0.1303167
-0.1317012
-0.1331931
-0.1348171
-0.1365862
-0.1385399
-0.1406699
-0.1428627
-0.1450098
-0.1470298
-0.1488783
-0.1505493
-0.1520726
-0.1534752
-0.1548314
-0.1562592
-0.1578095
-0.1594593
-0.1611781
-0.1629276
-0.1646540
-0.1662957
-0.1678640
-0.1693776
-0.1708417
-0.1723050
-0.1737600
-0.1751700
-0.1765358
-0.1779183
-0.1793894
-0.1809761
-0.1827016
-0.1845129
-0.1863564
-0.1881947
-0.1899367
-0.1914902
-0.1928440
-0.1940489
-0.1951500
-0.1961851
-0.1971713
-0.1981130
-0.1990420
-0.1999712
-0.2008601
-0.2016797
-0.2024261
-0.2030606
-0.2035810
-0.2040299
-0.2043590
-0.2046174
-0.2048343
-0.2050810
-0.2054319
-0.2058903
-0.2065126
-0.2073165
-0.2082620
-0.2093075
-0.2104145
-0.2114824
-0.2124356
-0.2133138
-0.2141035
-0.2147524
-0.2153143
-0.2158356
-0.2163479
-0.2169018
-0.2175095
-0.2181454
-0.2186913
-0.2191422
-0.2195406
-0.2198472
-0.2200059
-0.2200471
-0.2200325
-0.2200059
-0.2199975
-0.2200691
-0.2202501
-0.2205537
-0.2209708
-0.2214499
-0.2219951
-0.2226003
-0.2232010
-0.2237600
-0.2242661
-0.2247111
-0.2250985
-0.2254472
-0.2258411
-0.2263390
-0.2269191
-0.2275676
-0.2282547
-0.2289632
-0.2296730
-0.2303661
-0.2310283
-0.2316058
-0.2320822
-0.2324437
-0.2327144
-0.2329751
-0.2333231
-0.2337959
-0.2344103
-0.2352334
-0.2362291
-0.2373224
-0.2384439
-0.2395462
-0.2405738
-0.2414956
-0.2423264
-0.2430636
-0.2437289
-0.2443330
-0.2449597
-0.2456797
-0.2464611
-0.2472920
-0.2481766
-0.2491189
-0.2500864
-0.2510326
-0.2519190
-0.2527462
-0.2535109
-0.2541938
-0.2548922
-0.2556327
-0.2564073
-0.2572379
-0.2582958
-0.2595455
-0.2609369
-0.2624053
-0.2639019
-0.2653663
-0.2667412
-0.2679749
-0.2691085
-0.2701901
-0.2712571
-0.2723850
-0.2735775
-0.2748146
-0.2761502
-0.2775748
-0.2789791
-0.2803398
-0.2816038
-0.2827729
-0.2838894
-0.2849447
-0.2859339
-0.2869004
-0.2878725
-0.2889315
-0.2901510
-0.2915646
-0.2931808
-0.2950111
-0.2970207
-0.2991143
-0.3011743
-0.3030930
-0.3048574
-0.3064606
-0.3079075
-0.3093158
-0.3107455
-0.3121681
-0.3135924
-0.3150654
-0.3165353
-0.3180035
-0.3194982
-0.3209980
-0.3224484
-0.3238180
-0.3251318
-0.3263927
-0.3276250
-0.3288702
-0.3301963
-0.3316717
-0.3332698
-0.3350051
-0.3369012
-0.3389450
-0.3410974
-0.3432364
-0.3452590
-0.3470999
-0.3486935
-0.3500719
-0.3513579
-0.3526242
-0.3539436
-0.3553270
-0.3568065
-0.3583322
-0.3598979
-0.3614801
-0.3630352
-0.3645141
-0.3659039
-0.3672153
-0.3684730
-0.3697018
-0.3709165
-0.3721246
-0.3733343
-0.3746458
-0.3760479
-0.3775474
-0.3791717
-0.3809123
-0.3827288
-0.3845167
-0.3861868
-0.3877010
-0.3890224
-0.3902508
-0.3914912
-0.3927602
-0.3940241
-0.3952822
-0.3965624
-0.3978370
-0.3991024
-0.4003390
-0.4015098
-0.4025817
-0.4035526
-0.4044543
-0.4052850
-0.4060885
-0.4069180
-0.4077601
0.5912821
0.5901752
0.5889406
0.5875626
0.5860173
0.5844262
0.5828444
0.5813054
0.5798520
0.5785191
0.5773203
0.5761577
0.5749761
0.5737466
0.5724390
0.5710822
0.5697394
0.5684741
0.5672660
0.5661469
0.5650763
0.5640535
0.5631082
0.5622575
0.5614538
0.5606647
0.5598669
0.5589818
0.5579876
0.5568403
0.5555718
0.5541893
0.5527345
0.5512649
0.5498326
0.5484722
0.5471941
0.5459615
0.5447764
0.5435676
0.5422695
0.5408590
0.5393132
0.5376793
0.5360017
0.5343385
0.5327118
0.5311897
0.5298063
0.5286304
0.5275852
0.5266157
0.5256930
0.5247522
0.5237091
0.5226139
0.5214002
0.5200629
0.5185628
0.5169373
0.5152957
0.5137419
0.5122705
0.5108741
0.5095544
0.5083238
0.5070521
0.5057233
0.5043233
0.5028581
0.5013018
0.4996678
0.4979656
0.4963128
0.4947876
0.4933998
0.4921200
0.4909323
0.4898042
0.4886648
0.4874986
0.4862389
0.4848439
0.4833715
0.4817144
0.4798964
0.4779892
0.4760074
0.4740274
0.4721774
0.4704792
0.4689092
0.4674833
0.4661513
0.4648063
0.4634347
0.4619147
0.4603031
0.4586299
0.4569819
0.4554060
0.4538469
0.4522586
0.4506998
0.4492158
0.4477989
0.4463615
0.4448916
0.4434115
0.4419032
0.4403567
0.4386346
0.4367286
0.4346468
0.4324586
0.4302640
0.4281367
0.4262524
0.4245890
0.4231149
0.4217245
0.4203435
0.4189635
0.4175785
0.4161125
0.4145406
0.4129087
0.4113358
0.4099284
0.4085807
0.4072957
0.4060969
0.4049881
0.4039375
0.4029604
0.4019948
0.4009211
0.3997768
0.3985733
0.3972820
0.3958587
0.3942937
0.3926322
0.3909326
0.3893107
0.3878337
0.3865379
0.3854409
0.3843881
0.3832551
0.3820342
0.3807157
0.3793461
0.3779760
0.3766818
0.3754796
0.3743671
0.3733854
0.3725906
0.3719500
0.3714582
0.3710412
0.3706325
0.3702599
0.3698652
0.3693614
0.3687448
0.3680758
0.3672843
0.3664668
0.3656730
0.3648167
0.3641044
0.3635383
0.3631081
0.3627069
0.3622868
0.3618024
0.3612356
0.3606428
0.3600727
0.3595162
0.3589314
0.3584260
0.3580926
0.3578507
0.3576795
0.3575894
0.3575071
0.3574252
0.3573335
0.3571525
0.3567985
0.3563397
0.3557750
0.3551328
0.3545113
0.3539339
0.3533869
0.3528699
0.3524756
0.3520979
0.3517853
0.3515060
0.3511897
0.3507771
0.3502269
0.3495550
0.3488315
0.3481606
0.3475298
0.3470191
0.3466573
0.3464176
0.3462795
0.3462068
0.3461313
0.3459884
0.3458541
0.3456339
0.3452908
0.3448115
0.3441808
0.3434856
0.3428105
0.3421832
0.3416571
0.3412370
0.3409361
0.3407410
0.3405194
0.3403042
0.3399683
0.3394911
0.3389885
0.3384825
0.3379082
0.3374314
0.3370656
0.3368008
0.3365967
0.3364652
0.3364071
0.3363070
0.3361832
0.3360197
0.3357915
0.3354041
0.3348184
0.3340548
0.3331740
0.3322264
0.3312681
0.3303762
0.3295699
0.3288928
0.3282938
0.3277127
0.3271251
0.3263704
0.3254522
0.3243822
0.3232700
0.3221784
0.3211066
0.3201480
0.3192947
0.3185789
0.3180063
0.3174801
0.3169719
0.3163884
0.3157875
0.3151433
0.3145042
0.3137553
0.3128801
0.3118472
0.3107030
0.3095458
0.3084027
0.3073670
0.3064679
0.3056873
0.3049414
0.3041776
0.3033042
0.3023310
0.3012194
0.2999410
0.2985785
0.2971898
0.2958162
0.2945455
0.2933783
0.2922689
0.2912988
0.2904457
0.2896225
0.2887951
0.2879423
0.2869943
0.2859215
0.2847563
0.2834186
0.2819741
0.2804434
0.2788916
0.2774282
0.2761141
0.2749591
0.2739175
0.2728553
0.2717553
0.2705650
0.2692491
0.2678169
0.2663129
0.2648225
0.2634146
0.2621456
0.2609930
0.2599548
0.2590952
0.2584030
0.2577722
0.2571279
0.2564427
0.2557184
0.2549406
0.2539932
0.2528346
0.2514797
0.2500151
0.2485001
0.2469699
0.2455622
0.2442778
0.2430722
0.2418790
0.2406564
0.2393884
0.2380494
0.2366137
0.2351508
0.2337272
0.2323861
0.2311842
0.2301356
0.2292912
0.2285676
0.2279407
0.2274163
0.2269129
0.2263633
0.2258234
0.2252297
0.2244866
0.2236216
0.2226648
0.2216024
0.2204568
0.2193082
0.2182443
0.2172403
0.2163577
0.2155874
0.2148609
0.2140527
0.2131882
0.2122898
0.2114257
0.2105948
0.2099097
0.2093470
0.2089056
0.2085151
0.2082798
0.2081755
0.2080984
0.2080772
0.2079739
0.2078303
0.2076465
0.2073123
0.2067940
0.2061158
0.2053144
0.2043963
0.2034408
0.2024321
0.2014702
0.2005787
0.1996864
0.1987567
0.1976738
0.1964645
0.1950818
0.1934978
0.1918171
0.1901421
0.1885659
0.1871546
0.1858941
0.1848016
0.1839138
0.1831405
0.1823863
0.1816315
0.1808595
0.1800359
0.1791527
0.1781795
0.1771178
0.1759766
0.1748059
0.1736608
0.1725649
0.1715400
0.1706362
0.1698273
0.1690489
0.1682480
0.1674042
0.1664533
0.1652946
0.1640261
0.1627884
0.1615782
0.1604833
0.1595430
0.1586359
0.1578248
0.1571120
0.1564273
0.1557303
0.1549723
0.1541451
0.1532431
0.1522454
0.1511642
0.1500264
0.1488299
0.1475876
0.1463484
0.1451581
0.1440653
0.1431015
0.1422323
0.1413814
0.1404179
0.1393372
0.1381502
0.1368701
0.1354793
0.1340919
0.1327642
0.1315481
0.1304933
0.1296173
0.1288677
0.1281823
0.1275271
0.1268657
0.1261842
0.1254847
0.1246886
0.1237646
0.1227281
0.1215520
0.1202221
0.1188588
0.1176017
0.1164918
0.1154599
0.1145012
0.1135422
0.1125336
0.1113983
0.1100792
0.1086531
0.1071446
0.1056178
0.1041277
0.1028181
0.1016568
0.1006228
0.0997344
0.0989771
0.0982877
0.0976173
0.0969694
0.0962959
0.0955204
0.0946322
0.0936856
0.0926571
0.0915259
0.0904270
0.0894077
0.0885366
0.0878295
0.0871982
0.0866558
0.0860635
0.0854261
0.0846614
0.0837283
0.0826894
0.0816454
0.0806500
0.0797003
0.0788375
0.0781694
0.0776966
0.0773306
0.0769967
0.0767085
0.0763946
0.0760466
0.0756133
0.0751151
0.0744916
0.0737829
0.0729915
0.0721051
0.0712642
0.0705525
0.0699979
0.0695915
0.0693157
0.0691148
0.0688851
0.0686072
0.0682194
0.0677561
0.0673214
0.0669997
0.0668456
0.0668759
0.0671327
0.0675279
0.0680945
0.0687323
0.0693287
0.0699653
0.0705954
0.0711797
0.0716794
0.0720514
0.0723044
0.0723700
0.0723209
0.0721990
0.0720322
0.0718876
0.0717726
0.0717381
0.0717789
0.0717879
0.0716874
0.0714127
0.0709779
0.0704466
0.0699011
0.0694513
0.0691623
0.0690457
0.0690706
0.0691789
0.0693301
0.0695113
0.0696612
0.0697819
0.0698882
0.0699443
0.0699341
0.0698149
0.0695819
0.0692652
0.0689390
0.0686718
0.0684677
0.0683348
0.0682923
0.0682787
0.0681960
0.0679725
0.0675431
0.0669617
0.0663412
0.0657389
0.0651855
0.0647663
0.0644915
0.0644040
0.0644318
0.0645295
0.0646913
0.0648619
0.0650029
0.0651660
0.0652435
0.0651173
0.0648110
0.0644624
0.0641082
0.0637062
0.0632874
0.0629611
0.0627501
0.0626165
0.0625340
0.0624149
0.0621733
0.0617725
0.0611593
0.0603290
0.0593543
0.0583728
0.0575204
0.0568602
0.0564070
0.0561256
0.0559968
0.0559141
0.0558764
0.0558448
0.0556772
0.0553802
0.0549754
0.0543884
0.0536212
0.0527394
0.0518491
0.0509175
0.0500142
0.0491921
0.0484458
0.0477556
0.0471026
0.0463947
0.0455375
0.0444284
0.0431703
0.0417959
0.0403499
0.0389800
0.0377460
0.0366812
0.0358079
0.0351044
0.0345097
0.0340506
0.0336430
0.0331916
0.0326376
0.0319830
0.0311961
0.0302197
0.0290919
0.0278531
0.0265596
0.0252966
0.0241253
0.0230580
0.0220986
0.0212141
0.0203437
0.0194149
0.0183469
0.0171584
0.0159093
0.0146593
0.0134161
0.0122359
0.0112046
0.0102821
0.0094841
0.0087684
0.0080951
0.0074384
0.0067344
0.0059682
0.0051013
0.0041466
0.0030831
0.0018660
0.0005256
-0.0008705
-0.0022558
-0.0035665
-0.0047960
-0.0058939
-0.0068715
-0.0078121
-0.0088066
-0.0099214
-0.0111348
-0.0124195
-0.0137306
-0.0149819
-0.0161076
-0.0169829
-0.0176691
-0.0182320
-0.0187293
-0.0191298
-0.0194895
-0.0198824
-0.0203533
-0.0208888
-0.0214924
-0.0221942
-0.0230083
-0.0239400
-0.0249657
-0.0260006
-0.0268990
-0.0276290
-0.0282125
-0.0286769
-0.0291370
-0.0296613
-0.0302862
-0.0310735
-0.0320204
-0.0330880
-0.0341639
-0.0351917
-0.0361524
-0.0370297
-0.0377456
-0.0382890
-0.0387380
-0.0391215
-0.0394354
-0.0397250
-0.0400894
-0.0405652
-0.0411164
-0.0417627
-0.0425054
-0.0432980
