0.3554755
0.3545989
0.3538487
0.3532383
0.3527560
0.3523454
0.3519507
0.3515427
0.3510989
0.3505557
0.3498813
0.3490555
0.3480765
0.3469506
0.3457503
0.3445685
0.3434762
0.3424918
0.3415991
0.3407658
0.3399216
0.3390064
0.3379765
0.3368207
0.3355627
0.3342607
0.3329682
0.3317572
0.3306920
0.3297787
0.3289951
0.3283106
0.3277006
0.3271628
0.3266664
0.3261335
0.3254852
0.3246882
0.3237204
0.3225925
0.3213680
0.3201500
0.3190472
0.3181141
0.3173202
0.3166322
0.3159910
0.3153402
0.3146299
0.3137975
0.3127859
0.3116069
0.3103510
0.3091173
0.3079738
0.3069587
0.3060888
0.3053490
0.3047088
0.3041451
0.3036122
0.3030460
0.3024103
0.3016670
0.3007715
0.2996964
0.2984542
0.2970942
0.2956943
0.2943287
0.2930568
0.2919152
0.2909198
0.2900566
0.2892785
0.2884872
0.2876305
0.2867067
0.2857324
0.2847278
0.2836899
0.2826326
0.2816170
0.2807170
0.2799604
0.2793512
0.2788876
0.2784902
0.2780914
0.2776702
0.2771641
0.3554755
0.3545989
0.3538487
0.3532383
0.3527560
0.3523454
0.3519507
0.3515427
0.3510989
0.3505557
0.3498813
0.3490555
0.3480765
0.3469506
0.3457503
0.3445685
0.3434762
0.3424918
0.3415991
0.3407658
0.3399216
0.3390064
0.3379765
0.3368207
0.3355627
0.3342607
0.3329682
0.3317572
0.3306920
0.3297787
0.3289951
0.3283106
0.3277006
0.3271628
0.3266664
0.3261335
0.3254852
0.3246882
0.3237204
0.3225925
0.3213680
0.3201500
0.3190472
0.3181141
0.3173202
0.3166322
0.3159910
0.3153402
0.3146299
0.3137975
0.3127859
0.3116069
0.3103510
0.3091173
0.3079738
0.3069587
0.3060888
0.3053490
0.3047088
0.3041451
0.3554755
0.3545989
0.3538487
0.3532383
0.3527560
0.3523454
0.3519507
0.3515427
0.3510989
0.3505557
0.3498813
0.3490555
0.3480765
0.3469506
0.3457503
0.3445685
0.3434762
0.3424918
0.3415991
0.3407658
0.3399216
0.3390064
0.3379765
0.3368207
0.3355627
0.3342607
0.3329682
0.3317572
0.3306920
0.3297787
0.3289951
0.3283106
0.3277006
0.3271628
0.3266664
0.3261335
0.3254852
0.3246882
0.3237204
0.3225925
0.3213680
0.3201500
0.3190472
0.3181141
0.3173202
0.3166322
0.3159910
0.3153402
0.3146299
0.3137975
0.3127859
0.3116069
0.3103510
0.3091173
0.3079738
0.3069587
0.3060888
0.3053490
0.3047088
0.3041451
0.0932096
0.0924891
0.0916669
0.0907727
0.0898655
0.0890169
0.0882890
0.0877077
0.0872389
0.0868191
0.0863955
0.0858895
0.0852255
0.0843946
0.0834628
0.0825177
0.0816601
0.0809772
0.0804898
0.0801764
0.0800178
0.0799783
0.0800217
0.0801051
0.0801151
0.0799982
0.0797462
0.0793574
0.0788548
0.0782838
0.0777043
0.0771900
0.0767744
0.0764882
0.0763440
0.0763047
0.0762881
0.0761763
0.0758347
0.0752185
0.0743528
0.0733111
0.0721825
0.0710357
0.0699271
0.0689471
0.0681174
0.0674143
0.0668030
0.0662199
0.0656157
0.0649670
0.0642692
0.0634719
0.0625166
0.0613842
0.0600887
0.0586763
0.0572172
0.0557852
0.0544579
0.0532796
0.0522353
0.0512809
0.0503472
0.0493419
0.0481318
0.0466987
0.0451206
0.0434750
0.0418779
0.0404351
0.0392272
0.0382929
0.0375703
0.0369864
0.0365027
0.0360762
0.0356516
0.0351654
0.0345721
0.0338784
0.0330925
0.0321709
0.0311321
0.0300341
0.0289510
0.0279408
0.0270561
0.0262767
-0.1158059
-0.1166715
-0.1177007
-0.1189008
-0.1202135
-0.1215495
-0.1228387
-0.1239632
-0.1248089
-0.1254034
-0.1257910
-0.1260011
-0.1260612
-0.1260513
-0.1260552
-0.1261449
-0.1263089
-0.1265809
-0.1270138
-0.1275373
-0.1281068
-0.1287036
-0.1293036
-0.1298574
-0.1303011
-0.1306355
-0.1309419
-0.1313291
-0.1319044
-0.1327400
-0.1338698
-0.1351880
-0.1366463
-0.1381461
-0.1395235
-0.1407191
-0.1417113
-0.1424498
-0.1430178
-0.1434420
-0.1438171
-0.1442513
-0.1447951
-0.1454185
-0.1461499
-0.1469825
-0.1479131
-0.1489442
-0.1500110
-0.1510435
-0.1520022
-0.1528781
-0.1536489
-0.1543436
-0.1550022
-0.1557567
-0.1567176
-0.1579450
-0.1594162
-0.1610153
-0.1626785
-0.1642833
-0.1656736
-0.1667945
-0.1676946
-0.1684226
-0.1690293
-0.1695805
-0.1701169
-0.1707287
-0.1714764
-0.1723725
-0.1733609
-0.1743556
-0.1752920
-0.1761811
-0.1770213
-0.1777714
-0.1783699
-0.1788357
-0.1792241
-0.1796054
-0.1800509
-0.1806600
-0.1815161
-0.1826647
-0.1840957
-0.1856567
-0.1871312
-0.1884119
-0.2894298
-0.2897869
-0.2900927
-0.2904320
-0.2908134
-0.2913262
-0.2920210
-0.2928423
-0.2937164
-0.2946272
-0.2955576
-0.2964615
-0.2972558
-0.2979050
-0.2984117
-0.2987633
-0.2989965
-0.2992047
-0.2994866
-0.2998973
-0.3004537
-0.3011597
-0.3019818
-0.3028634
-0.3037557
-0.3045176
-0.3050444
-0.3053238
-0.3054021
-0.3053909
-0.3053551
-0.3053398
-0.3054234
-0.3056853
-0.3061748
-0.3068708
-0.3076479
-0.3084267
-0.3091341
-0.3097361
-0.3102273
-0.3105906
-0.3108444
-0.3110813
-0.3113749
-0.3117326
-0.3121844
-0.3128547
-0.3137882
-0.3149375
-0.3161883
-0.3174282
-0.3185200
-0.3193650
-0.3199597
-0.3203499
-0.3206079
-0.3208296
-0.3210638
-0.3213364
-0.3217307
-0.3222791
-0.3229361
-0.3236003
-0.3242858
-0.3249902
-0.3256360
-0.3262069
-0.3267014
-0.3271152
-0.3274432
-0.3277689
-0.3281239
-0.3286250
-0.3293557
-0.3303847
-0.3317086
-0.3332168
-0.3347572
-0.3361570
-0.3372934
-0.3381222
-0.3386652
-0.3390042
-0.3392453
-0.3395322
-0.3399377
-0.3404803
-0.3411762
-0.3420044
-0.3896132
-0.3900788
-0.3904278
-0.3905953
-0.3906061
-0.3905234
-0.3904444
-0.3904639
-0.3906125
-0.3909752
-0.3915896
-0.3924644
-0.3935720
-0.3948439
-0.3961118
-0.3972648
-0.3982262
-0.3989216
-0.3993798
-0.3996444
-0.3998425
-0.4000713
-0.4004350
-0.4009515
-0.4016209
-0.4024264
-0.4033023
-0.4040732
-0.4046662
-0.4050453
-0.4051666
-0.4051163
-0.4049460
-0.4047042
-0.4044267
-0.4041817
-0.4041159
-0.4042234
-0.4046351
-0.4052943
-0.4061226
-0.4070415
-0.4079584
-0.4087575
-0.4093475
-0.4096975
-0.4098663
-0.4099561
-0.4100604
-0.4103197
-0.4108129
-0.4115562
-0.4124706
-0.4135203
-0.4145988
-0.4155718
-0.4163662
-0.4169679
-0.4173794
-0.4175297
-0.4174780
-0.4173365
-0.4172144
-0.4171866
-0.4173432
-0.4177178
-0.4183370
-0.4191760
-0.4201173
-0.4210117
-0.4217356
-0.4222041
-0.4224457
-0.4225039
-0.4224547
-0.4224571
-0.4225680
-0.4229068
-0.4234993
-0.4243633
-0.4254512
-0.4265929
-0.4277225
-0.4288113
-0.4297795
-0.4305988
-0.4312454
-0.4317269
-0.4321096
-0.4324992
-0.4329742
-0.5036331
-0.5042647
-0.5050108
-0.5058501
-0.5066927
-0.5073967
-0.5078796
-0.5081597
-0.5083303
-0.5085088
-0.5087861
-0.5093369
-0.5101828
-0.5112709
-0.5124581
-0.5136566
-0.5147632
-0.5157039
-0.5164171
-0.5168935
-0.5172200
-0.5174053
-0.5174871
-0.5175273
-0.5175838
-0.5177076
-0.5179750
-0.5184380
-0.5190554
-0.5197417
-0.5204651
-0.5211925
-0.5218758
-0.5224067
-0.5227558
-0.5229445
-0.5231776
-0.5235466
-0.5240715
-0.5248783
-0.5260336
-0.5274567
-0.5290254
-0.5305566
-0.5319012
-0.5329806
-0.5337615
-0.5343059
-0.5346974
-0.5351226
-0.5356425
-0.5362904
-0.5371072
-0.5381008
-0.5392968
-0.5407086
-0.5423072
-0.5440295
-0.5457277
-0.5473454
-0.5488276
-0.5501087
-0.5512141
-0.5522180
-0.5531601
-0.5541259
-0.5552317
-0.5565024
-0.5578926
-0.5593790
-0.5609074
-0.5622896
-0.5633979
-0.5641619
-0.5645848
-0.5647624
-0.5648095
-0.5648510
-0.5649388
-0.5651159
-0.5654438
-0.5660262
-0.5668755
-0.5679405
-0.5691296
-0.5703209
-0.5714122
-0.5723208
-0.5729802
-0.5733557
0.3388154
0.3385829
0.3381061
0.3374082
0.3365409
0.3355845
0.3346766
0.3339552
0.3334918
0.3332886
0.3333062
0.3334979
0.3337714
0.3339975
0.3340874
0.3340738
0.3339423
0.3336441
0.3331309
0.3325429
0.3318801
0.3311887
0.3305389
0.3299882
0.3295147
0.3291185
0.3287226
0.3282724
0.3276937
0.3268631
0.3257269
0.3242968
0.3227242
0.3211803
0.3197550
0.3186258
0.3177861
0.3172150
0.3168172
0.3164663
0.3160758
0.3156006
0.3149931
0.3142204
0.3133379
0.3123745
0.3113496
0.3102605
0.3091439
0.3080867
0.3071316
0.3063712
0.3058255
0.3054215
0.3050482
0.3045124
0.3037027
0.3024909
0.3008924
0.2990051
0.2970077
0.2951838
0.2936003
0.2923294
0.2914068
0.2907622
0.2903007
0.2899218
0.2895667
0.2891726
0.2886712
0.2879776
0.2871165
0.2861116
0.2850594
0.2840351
0.2830997
0.2822174
0.2814682
0.2808826
0.2803917
0.2798949
0.2793230
0.2785181
0.2773348
0.2757922
0.2739632
0.2719153
0.2698598
0.2680163
0.0375947
0.0369395
0.0364008
0.0358563
0.0352604
0.0344619
0.0334720
0.0323305
0.0310640
0.0297136
0.0283457
0.0270770
0.0258575
0.0247690
0.0238394
0.0230249
0.0221980
0.0213974
0.0204607
0.0192214
0.0176771
0.0158583
0.0138173
0.0116745
0.0096172
0.0077894
0.0062056
0.0048975
0.0038165
0.0028280
0.0018306
0.0007343
-0.0005220
-0.0019608
-0.0035410
-0.0052099
-0.0069239
-0.0086085
-0.0102181
-0.0116632
-0.0129349
-0.0140517
-0.0150058
-0.0158079
-0.0165486
-0.0172904
-0.0181261
-0.0191355
-0.0203683
-0.0218774
-0.0234737
-0.0250034
-0.0262933
-0.0272765
-0.0280344
-0.0285775
-0.0290189
-0.0294396
-0.0299271
-0.0305377
-0.0313040
-0.0322565
-0.0333445
-0.0345420
-0.0357794
-0.0369825
-0.0381623
-0.0392306
-0.0401246
-0.0408620
-0.0414729
-0.0420246
-0.0426008
-0.0432820
-0.0442138
-0.0455355
-0.0472719
-0.0492672
-0.0513683
-0.0534017
-0.0551223
-0.0564171
-0.0573568
-0.0581155
-0.0588183
-0.0595452
-0.0603999
-0.0614522
-0.0626550
-0.0639711
-0.2733505
-0.2743264
-0.2751941
-0.2759559
-0.2766130
-0.2772064
-0.2777461
-0.2782620
-0.2788484
-0.2795735
-0.2804611
-0.2815520
-0.2828288
-0.2842081
-0.2855937
-0.2869114
-0.2880024
-0.2887964
-0.2893575
-0.2897856
-0.2902156
-0.2908076
-0.2916466
-0.2927596
-0.2940929
-0.2955918
-0.2971263
-0.2986059
-0.2999634
-0.3011104
-0.3020219
-0.3027538
-0.3033934
-0.3039714
-0.3045322
-0.3052069
-0.3060705
-0.3071492
-0.3084677
-0.3099751
-0.3115704
-0.3132312
-0.3148228
-0.3161765
-0.3173249
-0.3182345
-0.3189204
-0.3194793
-0.3200803
-0.3208788
-0.3219270
-0.3231586
-0.3244978
-0.3258399
-0.3271139
-0.3282884
-0.3292838
-0.3300594
-0.3306105
-0.3309702
-0.3312030
-0.3314376
-0.3317839
-0.3322419
-0.3329699
-0.3339920
-0.3352701
-0.3367567
-0.3383369
-0.3398119
-0.3410848
-0.3420864
-0.3428140
-0.3433349
-0.3437722
-0.3442790
-0.3449387
-0.3458125
-0.3469654
-0.3483018
-0.3497199
-0.3512168
-0.3526682
-0.3540380
-0.3552779
-0.3563440
-0.3572281
-0.3579641
-0.3586006
-0.3592562
-0.3600254
0.4071620
0.4059821
0.4046762
0.4033504
0.4020723
0.4009087
0.3999438
0.3992249
0.3986869
0.3981294
0.3974555
0.3965086
0.3952810
0.3938503
0.3923412
0.3908879
0.3896155
0.3885519
0.3877619
0.3872501
0.3869723
0.3868407
0.3867853
0.3867388
0.3866163
0.3863277
0.3858681
0.3851968
0.3843663
0.3834323
0.3824491
0.3815369
0.3807093
0.3800411
0.3795087
0.3790730
0.3786283
0.3780893
0.3773285
0.3763047
0.3750207
0.3735887
0.3721539
0.3708819
0.3699216
0.3692095
0.3686765
0.3683027
0.3680637
0.3679165
0.3677735
0.3675973
0.3673329
0.3668600
0.3661429
0.3652115
0.3640896
0.3628343
0.3615576
0.3603287
0.3591945
0.3581920
0.3573045
0.3565386
0.3557784
0.3548758
0.3537680
0.3523876
0.3507571
0.3490140
0.3472848
0.3456994
0.3443314
0.3431949
0.3422748
0.3415403
0.3409251
0.3403459
0.3397076
0.3389312
0.3379205
0.3366750
0.3352213
0.3336178
0.3319575
0.3302969
0.3287207
0.3273434
0.3262115
0.3252907
0.1140766
0.1134437
0.1125242
0.1113696
0.1100166
0.1086228
0.1073451
0.1062581
0.1053967
0.1048136
0.1044171
0.1041360
0.1038786
0.1036438
0.1033252
0.1028553
0.1022133
0.1013664
0.1004104
0.0994201
0.0984205
0.0973963
0.0964105
0.0955112
0.0947243
0.0940878
0.0935359
0.0929280
0.0921017
0.0910041
0.0895952
0.0878640
0.0859790
0.0841220
0.0824220
0.0810019
0.0798494
0.0789124
0.0781603
0.0775379
0.0769860
0.0763854
0.0756515
0.0747554
0.0736737
0.0724277
0.0710421
0.0695800
0.0680570
0.0665773
0.0651958
0.0639478
0.0628253
0.0618165
0.0608625
0.0597829
0.0584645
0.0568963
0.0550361
0.0529867
0.0509225
0.0490444
0.0473929
0.0460180
0.0449306
0.0440233
0.0432633
0.0424616
0.0415423
0.0406041
0.0395939
0.0384778
0.0373805
0.0362544
0.0350516
0.0338199
0.0325908
0.0314887
0.0305692
0.0298096
0.0292008
0.0286575
0.0280634
0.0272775
0.0261400
0.0246654
0.0229461
0.0210328
0.0190528
0.0172211
-0.1405584
-0.1407866
-0.1409717
-0.1411341
-0.1413431
-0.1416403
-0.1420680
-0.1425765
-0.1431287
-0.1437332
-0.1443285
-0.1449086
-0.1454639
-0.1459512
-0.1463243
-0.1466342
-0.1468980
-0.1471783
-0.1475617
-0.1480774
-0.1488019
-0.1497084
-0.1508186
-0.1519993
-0.1530898
-0.1540150
-0.1547263
-0.1552258
-0.1555832
-0.1558929
-0.1562058
-0.1565729
-0.1570404
-0.1576861
-0.1584192
-0.1592419
-0.1599991
-0.1607584
-0.1614620
-0.1620820
-0.1626259
-0.1630886
-0.1634715
-0.1638169
-0.1641776
-0.1646608
-0.1653670
-0.1663508
-0.1676545
-0.1691437
-0.1707643
-0.1723930
-0.1738290
-0.1749995
-0.1758482
-0.1764770
-0.1769527
-0.1773944
-0.1778379
-0.1784449
-0.1791941
-0.1800813
-0.1811576
-0.1823239
-0.1835345
-0.1847049
-0.1857511
-0.1867397
-0.1876246
-0.1884002
-0.1891227
-0.1896859
-0.1902936
-0.1910248
-0.1919967
-0.1932238
-0.1946539
-0.1962134
-0.1978061
-0.1993427
-0.2007236
-0.2018350
-0.2027590
-0.2035549
-0.2044340
-0.2053128
-0.2063351
-0.2075217
-0.2088501
-0.2102358
-0.4190214
-0.4202648
-0.4213980
-0.4223942
-0.4232721
-0.4240557
-0.4247786
-0.4255347
-0.4263650
-0.4272860
-0.4283612
-0.4295977
-0.4310060
-0.4325226
-0.4340091
-0.4354148
-0.4366712
-0.4377258
-0.4385795
-0.4393170
-0.4400022
-0.4407870
-0.4417003
-0.4427053
-0.4437965
-0.4449119
-0.4460252
-0.4470733
-0.4479836
-0.4487867
-0.4494669
-0.4499704
-0.4503858
-0.4508132
-0.4512603
-0.4517530
-0.4523970
-0.4532993
-0.4544061
-0.4557245
-0.4571612
-0.4586355
-0.4600398
-0.4613192
-0.4623766
-0.4631776
-0.4637881
-0.4643412
-0.4649029
-0.4655653
-0.4663512
-0.4672339
-0.4681532
-0.4690464
-0.4698854
-0.4706121
-0.4712707
-0.4718105
-0.4722709
-0.4726324
-0.4729133
-0.4731904
-0.4735450
-0.4740142
-0.4746335
-0.4754499
-0.4764798
-0.4776982
-0.4790732
-0.4805217
-0.4820105
-0.4833846
-0.4846132
-0.4857612
-0.4868760
-0.4880476
-0.4893634
-0.4908208
-0.4923428
-0.4939144
-0.4955044
-0.4970016
-0.4984018
-0.4997429
-0.5010036
-0.5021422
-0.5031992
-0.5042053
-0.5051860
-0.5061973
-0.5072828
0.2770883
0.2761282
0.2750376
0.2738579
0.2726554
0.2714658
0.2703940
0.2694610
0.2686128
0.2677605
0.2668048
0.2657242
0.2644881
0.2630738
0.2615563
0.2600722
0.2586746
0.2573738
0.2561237
0.2549760
0.2538718
0.2528051
0.2517352
0.2506428
0.2495150
0.2483926
0.2471458
0.2457661
0.2443012
0.2428060
0.2412341
0.2397396
0.2383571
0.2371333
0.2360347
0.2350279
0.2341099
0.2331829
0.2321368
0.2309459
0.2296110
0.2282024
0.2267810
0.2254461
0.2242864
0.2232852
0.2223857
0.2215959
0.2208943
0.2202744
0.2196390
0.2189334
0.2180816
0.2170559
0.2158557
0.2144874
0.2129245
0.2112418
0.2094860
0.2077441
0.2060651
0.2045381
0.2030737
0.2016048
0.2001163
0.1985679
0.1969073
0.1951557
0.1932851
0.1913782
0.1895017
0.1876584
0.1859062
0.1843020
0.1828340
0.1814613
0.1801982
0.1790023
0.1778626
0.1766848
0.1754747
0.1741520
0.1726355
0.1710009
0.1692292
0.1673211
0.1653464
0.1634090
0.1615531
0.1598257
-0.0970367
-0.0982329
-0.0995101
-0.1008320
-0.1022330
-0.1036445
-0.1049905
-0.1061664
-0.1071840
-0.1080909
-0.1088456
-0.1094511
-0.1100221
-0.1105763
-0.1111561
-0.1118108
-0.1125964
-0.1134925
-0.1145480
-0.1157114
-0.1169430
-0.1182284
-0.1195125
-0.1207227
-0.1218332
-0.1228860
-0.1238405
-0.1247789
-0.1258098
-0.1269523
-0.1282620
-0.1296388
-0.1310424
-0.1324414
-0.1337384
-0.1348686
-0.1357797
-0.1365482
-0.1372251
-0.1378092
-0.1383708
-0.1389992
-0.1396629
-0.1404688
-0.1414005
-0.1424451
-0.1436370
-0.1449404
-0.1463111
-0.1477047
-0.1490547
-0.1503466
-0.1515364
-0.1526648
-0.1538132
-0.1550395
-0.1563942
-0.1579226
-0.1597313
-0.1616903
-0.1636815
-0.1656519
-0.1675210
-0.1692220
-0.1707423
-0.1721132
-0.1733458
-0.1744699
-0.1755501
-0.1766248
-0.1776750
-0.1787809
-0.1799784
-0.1812373
-0.1825138
-0.1837863
-0.1850320
-0.1862469
-0.1874253
-0.1885818
-0.1896833
-0.1908202
-0.1920450
-0.1933492
-0.1947895
-0.1963990
-0.1980998
-0.1998769
-0.2016791
-0.2034133
-0.4599152
-0.4608299
-0.4616557
-0.4623768
-0.4630016
-0.4630016
-0.4643151
-0.4650880
-0.4660122
-0.4670620
-0.4681878
-0.4692933
-0.4703959
-0.4715326
-0.4726776
-0.4737839
-0.4748934
-0.4759508
-0.4770333
-0.4781788
-0.4793814
-0.4808052
-0.4823365
-0.4838633
-0.4854373
-0.4867847
-0.4880083
-0.4890642
-0.4899786
-0.4908254
-0.4916606
-0.4925305
-0.4934358
-0.4944321
-0.4955068
-0.4966596
-0.4978674
-0.4991452
-0.5005176
-0.5018837
-0.5031647
-0.5043660
-0.5055286
-0.5067034
-0.5078960
-0.5090570
-0.5102716
-0.5115833
-0.5130761
-0.5147543
-0.5165090
-0.5182671
-0.5199567
-0.5215202
-0.5228887
-0.5240217
-0.5250140
-0.5259344
-0.5268059
-0.5276748
-0.5285941
-0.5295742
-0.5306076
-0.5317315
-0.5328762
-0.5340976
-0.5353448
-0.5366606
-0.5380434
-0.5394373
-0.5408520
-0.5422681
-0.5436795
-0.5452077
-0.5468113
-0.5485455
-0.5504640
-0.5525818
-0.5547671
-0.5570514
-0.5592635
-0.5613029
-0.5632208
-0.5649826
-0.5666387
-0.5681125
-0.5695294
-0.5709237
-0.5722921
-0.5736649











0.0815795
0.0796373
0.0777154
0.0757743
0.0738461
0.0719625
0.0701214
0.0683163
0.0665840
0.0648234
0.0630258
0.0610640
0.0590080
0.0568793
0.0546329
0.0524834
0.0503529
0.0484173
0.0465106
0.0447403
0.0431073
0.0415405
0.0400168
0.0384231
0.0368154
0.0351828
0.0335746
0.0319901
0.0304532
0.0289370
0.0275923
0.0262873
0.0249913
0.0237994
0.0226169
0.0214271
0.0201890
0.0186505
0.0171067
0.0153086
0.0133135
0.0112116
0.0091659
0.0071291
0.0052412
0.0035036
0.0019117
0.0004688
-0.0008558
-0.0021443
-0.0034666
-0.0048874
-0.0064308
-0.0080748
-0.0097922
-0.0115757
-0.0134193
-0.0152164
-0.0169658
-0.0186907
-0.0203653
-0.0220122
-0.0237020
-0.0254416
-0.0272359
-0.0291843
-0.0313091
-0.0335602
-0.0359172
-0.0383652
-0.0408624
-0.0432816
-0.0455797
-0.0477466
-0.0497693
-0.0516483
-0.0534664
-0.0552843
-0.0571428
-0.0590845
-0.0610988
-0.0631860
-0.0652933
-0.0673398
-0.0693540
-0.0713899
-0.0733993
-0.0753359
-0.0771843
-0.0789609
-0.0807003
0.5912821
0.5901752
0.5889406
0.5875626
0.5860173
0.5844262
0.5828444
0.5813054
0.5798520
0.5785191
0.5773203
0.5761577
0.5749761
0.5737466
0.5724390
0.5710822
0.5697394
0.5684741
0.5672660
0.5661469
0.5650763
0.5640535
0.5631082
0.5622575
0.5614538
0.5606647
0.5598669
0.5589818
0.5579876
0.5568403
0.5555718
0.5541893
0.5527345
0.5512649
0.5498326
0.5484722
0.5471941
0.5459615
0.5447764
0.5435676
0.5422695
0.5408590
0.5393132
0.5376793
0.5360017
0.5343385
0.5327118
0.5311897
0.5298063
0.5286304
0.5275852
0.5266157
0.5256930
0.5247522
0.5237091
0.5226139
0.5214002
0.5200629
0.5185628
0.5169373
0.5152957
0.5137419
0.5122705
0.5108741
0.5095544
0.5083238
0.5070521
0.5057233
0.5043233
0.5028581
0.5013018
0.4996678
0.4979656
0.4963128
0.4947876
0.4933998
0.4921200
0.4909323
0.4898042
0.4886648
0.4874986
0.4862389
0.4848439
0.4833715
0.4817144
0.4798964
0.4779892
0.4760074
0.4740274
0.4721774
0.2163577
0.2155874
0.2148609
0.2140527
0.2131882
0.2122898
0.2114257
0.2105948
0.2099097
0.2093470
0.2089056
0.2085151
0.2082798
0.2081755
0.2080984
0.2080772
0.2079739
0.2078303
0.2076465
0.2073123
0.2067940
0.2061158
0.2053144
0.2043963
0.2034408
0.2024321
0.2014702
0.2005787
0.1996864
0.1987567
0.1976738
0.1964645
0.1950818
0.1934978
0.1918171
0.1901421
0.1885659
0.1871546
0.1858941
0.1848016
0.1839138
0.1831405
0.1823863
0.1816315
0.1808595
0.1800359
0.1791527
0.1781795
0.1771178
0.1759766
0.1748059
0.1736608
0.1725649
0.1715400
0.1706362
0.1698273
0.1690489
0.1682480
0.1674042
0.1664533
0.1652946
0.1640261
0.1627884
0.1615782
0.1604833
0.1595430
0.1586359
0.1578248
0.1571120
0.1564273
0.1557303
0.1549723
0.1541451
0.1532431
0.1522454
0.1511642
0.1500264
0.1488299
0.1475876
0.1463484
0.1451581
0.1440653
0.1431015
0.1422323
0.1413814
0.1404179
0.1393372
0.1381502
0.1368701
0.1354793
-0.0361524
-0.0370297
-0.0377456
-0.0382890
-0.0387380
-0.0391215
-0.0394354
-0.0397250
-0.0400894
-0.0405652
-0.0411164
-0.0417627
-0.0425054
-0.0432980
-0.0441417
-0.0450359
-0.0459009
-0.0466928
-0.0474178
-0.0481350
-0.0489282
-0.0498575
-0.0509562
-0.0521896
-0.0535048
-0.0548132
-0.0560186
-0.0570736
-0.0579605
-0.0586795
-0.0592677
-0.0597588
-0.0601947
-0.0606055
-0.0610335
-0.0615152
-0.0620846
-0.0627582
-0.0635431
-0.0644355
-0.0654015
-0.0663990
-0.0673918
-0.0683396
-0.0692093
-0.0699881
-0.0707049
-0.0714379
-0.0722822
-0.0733212
-0.0745894
-0.0760598
-0.0776443
-0.0792283
-0.0807070
-0.0820144
-0.0831314
-0.0840724
-0.0848729
-0.0855786
-0.0862406
-0.0869113
-0.0876423
-0.0884713
-0.0894218
-0.0904986
-0.0916852
-0.0929462
-0.0942341
-0.0955003
-0.0967041
-0.0978200
-0.0988435
-0.0997961
-0.1007312
-0.1017289
-0.1028763
-0.1042343
-0.1058132
-0.1075581
-0.1093632
-0.1111090
-0.1126972
-0.1140753
-0.1152385
-0.1162201
-0.1170728
-0.1178577
-0.1186344
-0.1194522
