0.2764952
0.2756158
0.2745301
0.2732798
0.2719424
0.2706275
0.2694171
0.2683440
0.2674092
0.2665784
0.2657858
0.2649566
0.2640276
0.2629537
0.2617169
0.2603408
0.2588819
0.2574222
0.2560333
0.2547616
0.2536071
0.2525725
0.2516738
0.2509045
0.2502336
0.2496104
0.2489572
0.2481792
0.2472128
0.2460493
0.2447189
0.2432574
0.2417428
0.2402522
0.2388821
0.2376974
0.2366865
0.2357934
0.2349406
0.2340467
0.2330346
0.2319132
0.2307036
0.2294385
0.2281711
0.2269722
0.2258850
0.2248952
0.2240218
0.2232822
0.2226655
0.2221338
0.2216325
0.2211149
0.2205672
0.2199692
0.2192965
0.2185256
0.2176576
0.2167269
0.2157912
0.2149233
0.2141785
0.2135740
0.2130870
0.2126552
0.2121770
0.2115831
0.2108341
0.2099601
0.2090378
0.2081501
0.2073585
0.2067127
0.2062554
0.2060088
0.2059599
0.2060528
0.2062194
0.2064141
0.2065938
0.2067063
0.2067081
0.2066028
0.2064029
0.2061080
0.2057218
0.2052863
0.2048495
0.2044796
0.2042384
0.0255766
0.0249063
0.0241951
0.0233502
0.0222918
0.0210287
0.0196105
0.0181152
0.0167108
0.0155123
0.0145570
0.0138369
0.0133147
0.0129460
0.0126430
0.0123070
0.0118462
0.0112247
0.0104328
0.0095267
0.0085541
0.0075498
0.0065752
0.0056687
0.0048418
0.0040768
0.0034000
0.0028169
0.0022406
0.0015711
0.0007256
-0.0003282
-0.0015957
-0.0030375
-0.0045956
-0.0061354
-0.0075392
-0.0087427
-0.0097392
-0.0105342
-0.0111787
-0.0117519
-0.0123270
-0.0129628
-0.0137066
-0.0145718
-0.0155398
-0.0166030
-0.0177293
-0.0188649
-0.0199439
-0.0209048
-0.0216805
-0.0222392
-0.0226055
-0.0228260
-0.0230053
-0.0232487
-0.0236200
-0.0241341
-0.0247506
-0.0253998
-0.0260198
-0.0265207
-0.0268308
-0.0269145
-0.0267613
-0.0264041
-0.0259310
-0.0254356
-0.0250030
-0.0246916
-0.0245266
-0.0245019
-0.0245878
-0.0247172
-0.0248867
-0.0250880
-0.0252792
-0.0254117
-0.0254343
-0.0253342
-0.0251805
-0.0250124
-0.0248993
-0.0249225
-0.0251593
-0.0256241
-0.0262367
-0.0268396
-0.0273327
-0.1894606
-0.1902654
-0.1908598
-0.1912960
-0.1916755
-0.1920754
-0.1925663
-0.1931513
-0.1938398
-0.1946408
-0.1955456
-0.1965096
-0.1974465
-0.1982923
-0.1990098
-0.1995651
-0.1999177
-0.2001964
-0.2004566
-0.2006765
-0.2009681
-0.2014646
-0.2022561
-0.2033150
-0.2045888
-0.2059960
-0.2073676
-0.2085353
-0.2094096
-0.2099979
-0.2103313
-0.2105553
-0.2107561
-0.2109942
-0.2113652
-0.2119130
-0.2126183
-0.2134483
-0.2143627
-0.2153294
-0.2162959
-0.2171983
-0.2180139
-0.2187311
-0.2193188
-0.2198581
-0.2203536
-0.2208656
-0.2215418
-0.2224512
-0.2236215
-0.2249902
-0.2264190
-0.2278000
-0.2290060
-0.2299238
-0.2305260
-0.2308520
-0.2309844
-0.2310250
-0.2310636
-0.2311178
-0.2312232
-0.2313872
-0.2316033
-0.2318190
-0.2319380
-0.2319549
-0.2318678
-0.2316395
-0.2312580
-0.2307278
-0.2300715
-0.2293918
-0.2287029
-0.2281871
-0.2279101
-0.2278952
-0.2280823
-0.2283611
-0.2286852
-0.2289894
-0.2292204
-0.2293042
-0.2292468
-0.2291120
-0.2289647
-0.2288300
-0.2287789
-0.2288374
-0.2289711
-0.3429210
-0.3438773
-0.3448609
-0.3457910
-0.3466049
-0.3473249
-0.3479180
-0.3483656
-0.3486984
-0.3490182
-0.3494125
-0.3499586
-0.3507590
-0.3518604
-0.3532232
-0.3547074
-0.3561287
-0.3572980
-0.3581551
-0.3586388
-0.3588244
-0.3588824
-0.3589143
-0.3590311
-0.3592911
-0.3596843
-0.3602305
-0.3609008
-0.3616469
-0.3624047
-0.3630963
-0.3636301
-0.3639753
-0.3641298
-0.3641166
-0.3640207
-0.3639187
-0.3638344
-0.3639078
-0.3642024
-0.3647330
-0.3655212
-0.3665561
-0.3677597
-0.3689442
-0.3699118
-0.3705426
-0.3708895
-0.3710596
-0.3712112
-0.3714275
-0.3717446
-0.3722000
-0.3727704
-0.3734155
-0.3740623
-0.3746549
-0.3751600
-0.3755426
-0.3757739
-0.3758254
-0.3756750
-0.3753688
-0.3749720
-0.3745166
-0.3740625
-0.3737471
-0.3736632
-0.3738342
-0.3742398
-0.3747728
-0.3752727
-0.3755976
-0.3756306
-0.3753346
-0.3747851
-0.3741066
-0.3734358
-0.3728739
-0.3724738
-0.3722424
-0.3721242
-0.3720521
-0.3719666
-0.3718132
-0.3715434
-0.3711283
-0.3705680
-0.3698640
-0.3690390
-0.3681373
-0.4336168
-0.4344750
-0.4355470
-0.4368783
-0.4384033
-0.4399519
-0.4414092
-0.4426208
-0.4435132
-0.4441812
-0.4446345
-0.4449562
-0.4453458
-0.4459313
-0.4467330
-0.4476852
-0.4487321
-0.4497723
-0.4507350
-0.4515518
-0.4521415
-0.4525044
-0.4526320
-0.4525428
-0.4523500
-0.4521196
-0.4519698
-0.4519775
-0.4522119
-0.4526781
-0.4534417
-0.4544476
-0.4555714
-0.4567064
-0.4577586
-0.4586098
-0.4592444
-0.4596846
-0.4600115
-0.4603803
-0.4608832
-0.4615421
-0.4623643
-0.4633277
-0.4643678
-0.4654084
-0.4663474
-0.4671515
-0.4677531
-0.4681676
-0.4683568
-0.4684258
-0.4683890
-0.4682814
-0.4682645
-0.4683064
-0.4684818
-0.4688519
-0.4693303
-0.4698766
-0.4704131
-0.4708695
-0.4711532
-0.4711745
-0.4710167
-0.4707194
-0.4704419
-0.4703036
-0.4703743
-0.4705973
-0.4709840
-0.4714269
-0.4718995
-0.4723112
-0.4725733
-0.4726253
-0.4724176
-0.4720052
-0.4714669
-0.4708603
-0.4702949
-0.4697730
-0.4693690
-0.4691271
-0.4690311
-0.4691201
-0.4693447
-0.4695492
-0.4696848
-0.4696713
-0.4694712
0.2664990
0.2653703
0.2645518
0.2639572
0.2634070
0.2628404
0.2621917
0.2614194
0.2604346
0.2592565
0.2580281
0.2567748
0.2555340
0.2543516
0.2533304
0.2525085
0.2518561
0.2513218
0.2508291
0.2503042
0.2496606
0.2487780
0.2475620
0.2460162
0.2442568
0.2424241
0.2406463
0.2390411
0.2377079
0.2367126
0.2359683
0.2352703
0.2344843
0.2336176
0.2326196
0.2315002
0.2302177
0.2288544
0.2273950
0.2258846
0.2243880
0.2229503
0.2216296
0.2204908
0.2195555
0.2187223
0.2179648
0.2172065
0.2162900
0.2151436
0.2137926
0.2122886
0.2107069
0.2091697
0.2078068
0.2066871
0.2059257
0.2054944
0.2052858
0.2051360
0.2049151
0.2046100
0.2041301
0.2034953
0.2027459
0.2019558
0.2011974
0.2004855
0.1999160
0.1995636
0.1994758
0.1996333
0.1999821
0.2003728
0.2006644
0.2007719
0.2006219
0.2001437
0.1993990
0.1985417
0.1976981
0.1970122
0.1964962
0.1962146
0.1961120
0.1961937
0.1963079
0.1963163
0.1961743
0.1958382
0.1952700
-0.0653732
-0.0668914
-0.0684486
-0.0699754
-0.0714246
-0.0727737
-0.0740273
-0.0752547
-0.0764561
-0.0776443
-0.0788954
-0.0802720
-0.0818505
-0.0837516
-0.0858864
-0.0881686
-0.0904223
-0.0924279
-0.0940665
-0.0953137
-0.0962541
-0.0970607
-0.0978892
-0.0988072
-0.0998265
-0.1010065
-0.1023264
-0.1037720
-0.1052546
-0.1067047
-0.1080663
-0.1092950
-0.1103933
-0.1113402
-0.1121636
-0.1128785
-0.1135213
-0.1142200
-0.1151347
-0.1163197
-0.1178224
-0.1196698
-0.1218166
-0.1240283
-0.1261017
-0.1278520
-0.1292227
-0.1303217
-0.1312313
-0.1321037
-0.1330324
-0.1339489
-0.1349274
-0.1360502
-0.1373325
-0.1386363
-0.1398784
-0.1410142
-0.1420019
-0.1428237
-0.1434747
-0.1439422
-0.1442181
-0.1443791
-0.1445654
-0.1449309
-0.1455175
-0.1462892
-0.1472473
-0.1483229
-0.1494527
-0.1505508
-0.1514605
-0.1520549
-0.1523304
-0.1523691
-0.1522995
-0.1523056
-0.1524945
-0.1528683
-0.1534277
-0.1541325
-0.1548848
-0.1555932
-0.1562123
-0.1567295
-0.1571002
-0.1573316
-0.1574263
-0.1574177
-0.1573791
-0.3609934
-0.3621803
-0.3636382
-0.3652840
-0.3671218
-0.3690469
-0.3708056
-0.3722139
-0.3732801
-0.3740468
-0.3746300
-0.3751698
-0.3757768
-0.3765822
-0.3776511
-0.3789130
-0.3802552
-0.3816113
-0.3829355
-0.3841684
-0.3852365
-0.3861575
-0.3869292
-0.3875968
-0.3882007
-0.3887710
-0.3893960
-0.3902005
-0.3912172
-0.3925133
-0.3940786
-0.3957819
-0.3976157
-0.3994649
-0.4011488
-0.4025727
-0.4036637
-0.4045578
-0.4054161
-0.4063548
-0.4074805
-0.4088793
-0.4104687
-0.4121408
-0.4138126
-0.4154092
-0.4168301
-0.4180144
-0.4190177
-0.4198115
-0.4203650
-0.4207398
-0.4210313
-0.4213272
-0.4217223
-0.4222954
-0.4230725
-0.4240241
-0.4251313
-0.4263523
-0.4275960
-0.4287298
-0.4296748
-0.4303338
-0.4307688
-0.4310920
-0.4314417
-0.4319038
-0.4325306
-0.4333168
-0.4342597
-0.4352681
-0.4361853
-0.4369326
-0.4374937
-0.4378231
-0.4379904
-0.4380619
-0.4380281
-0.4379526
-0.4379037
-0.4379105
-0.4380976
-0.4385214
-0.4391961
-0.4400646
-0.4410350
-0.4420641
-0.4429832
-0.4437721
-0.4443814
0.3244947
0.3237071
0.3228320
0.3218105
0.3206123
0.3191668
0.3174939
0.3157151
0.3139796
0.3124056
0.3110212
0.3098591
0.3089310
0.3081644
0.3074362
0.3066518
0.3057504
0.3047263
0.3035457
0.3021777
0.3005890
0.2988293
0.2970112
0.2952550
0.2936468
0.2922281
0.2910218
0.2899699
0.2889681
0.2879015
0.2866975
0.2852947
0.2836833
0.2819242
0.2801328
0.2784300
0.2768993
0.2756441
0.2746741
0.2739204
0.2733111
0.2727715
0.2722378
0.2716499
0.2709406
0.2700883
0.2691050
0.2679878
0.2666981
0.2652600
0.2637757
0.2623745
0.2611697
0.2601420
0.2592747
0.2585233
0.2577832
0.2569335
0.2558846
0.2546057
0.2531644
0.2517073
0.2503537
0.2491601
0.2481804
0.2474214
0.2468931
0.2465087
0.2462295
0.2459726
0.2456633
0.2452479
0.2446650
0.2439260
0.2430779
0.2421528
0.2411597
0.2401232
0.2391601
0.2383518
0.2377399
0.2373475
0.2371293
0.2369998
0.2368231
0.2365345
0.2360397
0.2353686
0.2346265
0.2339287
0.2333910
0.0157270
0.0145629
0.0136468
0.0128564
0.0120682
0.0112018
0.0102345
0.0091356
0.0078733
0.0065087
0.0050570
0.0035143
0.0019577
0.0003961
-0.0010964
-0.0024666
-0.0036753
-0.0047748
-0.0058052
-0.0068489
-0.0080023
-0.0093762
-0.0109737
-0.0127386
-0.0146162
-0.0164844
-0.0182953
-0.0199309
-0.0212789
-0.0223440
-0.0231643
-0.0238161
-0.0243860
-0.0249139
-0.0254723
-0.0261018
-0.0268325
-0.0277102
-0.0287550
-0.0299236
-0.0311457
-0.0323353
-0.0333976
-0.0342898
-0.0350014
-0.0356520
-0.0363484
-0.0371592
-0.0382182
-0.0395168
-0.0410184
-0.0426741
-0.0443638
-0.0459146
-0.0472281
-0.0482684
-0.0490929
-0.0498000
-0.0503451
-0.0507459
-0.0511239
-0.0515863
-0.0521632
-0.0528319
-0.0535745
-0.0543157
-0.0550246
-0.0556846
-0.0562206
-0.0566637
-0.0569728
-0.0571654
-0.0572466
-0.0572968
-0.0573964
-0.0576007
-0.0579517
-0.0584559
-0.0590903
-0.0597416
-0.0601997
-0.0604112
-0.0604071
-0.0601521
-0.0597036
-0.0591313
-0.0585172
-0.0579359
-0.0574452
-0.0571057
-0.0569171
-0.2117117
-0.2131949
-0.2146877
-0.2160600
-0.2172734
-0.2183196
-0.2192328
-0.2199886
-0.2207286
-0.2214911
-0.2223387
-0.2233099
-0.2244802
-0.2257963
-0.2273029
-0.2289236
-0.2305818
-0.2321124
-0.2334559
-0.2345625
-0.2354511
-0.2361779
-0.2368905
-0.2376858
-0.2385587
-0.2395253
-0.2405632
-0.2416262
-0.2427710
-0.2438690
-0.2449046
-0.2458755
-0.2468446
-0.2476913
-0.2485734
-0.2493957
-0.2502152
-0.2511070
-0.2521187
-0.2533277
-0.2548156
-0.2564285
-0.2581686
-0.2599860
-0.2618099
-0.2634317
-0.2648411
-0.2659974
-0.2669922
-0.2677920
-0.2685655
-0.2693919
-0.2702053
-0.2710925
-0.2719747
-0.2728897
-0.2739032
-0.2748785
-0.2757781
-0.2765935
-0.2772666
-0.2778691
-0.2784124
-0.2789037
-0.2794069
-0.2800741
-0.2808927
-0.2818626
-0.2830019
-0.2841850
-0.2853088
-0.2863680
-0.2872801
-0.2879326
-0.2884357
-0.2887864
-0.2889789
-0.2891863
-0.2894230
-0.2897158
-0.2900703
-0.2904713
-0.2908787
-0.2912423
-0.2915207
-0.2916837
-0.2917410
-0.2917155
-0.2916116
-0.2914350
-0.2911699
-0.5085026
-0.5098838
-0.5114347
-0.5131662
-0.5149853
-0.5168772
-0.5186533
-0.5201965
-0.5215252
-0.5226657
-0.5236975
-0.5247321
-0.5258400
-0.5270457
-0.5282884
-0.5295642
-0.5308761
-0.5322070
-0.5334866
-0.5347240
-0.5358529
-0.5368785
-0.5378022
-0.5386329
-0.5393948
-0.5401494
-0.5409427
-0.5417930
-0.5426882
-0.5436898
-0.5448744
-0.5462323
-0.5477035
-0.5491854
-0.5505853
-0.5518649
-0.5529561
-0.5538756
-0.5546979
-0.5555665
-0.5564929
-0.5574612
-0.5584842
-0.5595445
-0.5606125
-0.5616980
-0.5626945
-0.5636002
-0.5643440
-0.5649331
-0.5653978
-0.5657959
-0.5661771
-0.5665991
-0.5670934
-0.5677058
-0.5684470
-0.5693208
-0.5703339
-0.5714595
-0.5726584
-0.5738734
-0.5750149
-0.5759977
-0.5768207
-0.5774536
-0.5780246
-0.5786751
-0.5794443
-0.5803453
-0.5812424
-0.5820656
-0.5828436
-0.5835343
-0.5840898
-0.5844977
-0.5847596
-0.5849366
-0.5849866
-0.5849533
-0.5848839
-0.5848011
-0.5847516
-0.5848006
-0.5850151
-0.5853269
-0.5857246
-0.5861657
-0.5865362
-0.5867635
-0.5868382
0.1581724
0.1565892
0.1550246
0.1534224
0.1517385
0.1499090
0.1480169
0.1461412
0.1442992
0.1425473
0.1409426
0.1395053
0.1382150
0.1370335
0.1359302
0.1348233
0.1336804
0.1325140
0.1312823
0.1298836
0.1283412
0.1267088
0.1249603
0.1231361
0.1213204
0.1195678
0.1179525
0.1164951
0.1151266
0.1137661
0.1123692
0.1108911
0.1092936
0.1076440
0.1059509
0.1042859
0.1026739
0.1011289
0.0997510
0.0985565
0.0974625
0.0964668
0.0955523
0.0946652
0.0937365
0.0927257
0.0916012
0.0903489
0.0889539
0.0874655
0.0859419
0.0844496
0.0830428
0.0817374
0.0805218
0.0794452
0.0784722
0.0775582
0.0766742
0.0757532
0.0748112
0.0739814
0.0732154
0.0725314
0.0719172
0.0714329
0.0710617
0.0707856
0.0706098
0.0705170
0.0704198
0.0702383
0.0699913
0.0696534
0.0691578
0.0685298
0.0677966
0.0669953
0.0661305
0.0652916
0.0644891
0.0637689
0.0631856
0.0626467
0.0620633
0.0613829
0.0606321
0.0598391
0.0590525
0.0583331
0.0577567
-0.2050057
-0.2064637
-0.2078260
-0.2090799
-0.2102708
-0.2114792
-0.2126806
-0.2138692
-0.2150735
-0.2163443
-0.2176731
-0.2190723
-0.2204940
-0.2219757
-0.2234255
-0.2247253
-0.2259357
-0.2271308
-0.2283271
-0.2295669
-0.2308717
-0.2323039
-0.2339010
-0.2356247
-0.2374779
-0.2394734
-0.2414590
-0.2433252
-0.2450391
-0.2465421
-0.2478488
-0.2490160
-0.2501342
-0.2512340
-0.2523586
-0.2535379
-0.2547874
-0.2561112
-0.2575238
-0.2589580
-0.2604119
-0.2618041
-0.2631205
-0.2642984
-0.2654092
-0.2664381
-0.2674366
-0.2684805
-0.2696188
-0.2708942
-0.2723030
-0.2737676
-0.2752176
-0.2766404
-0.2779222
-0.2790117
-0.2799279
-0.2807165
-0.2813447
-0.2818303
-0.2822357
-0.2826215
-0.2830384
-0.2834847
-0.2839727
-0.2845627
-0.2852184
-0.2859512
-0.2866920
-0.2873926
-0.2880683
-0.2887663
-0.2894048
-0.2900414
-0.2906970
-0.2914345
-0.2922606
-0.2932334
-0.2943725
-0.2955079
-0.2966759
-0.2977471
-0.2986765
-0.2994070
-0.2999933
-0.3003878
-0.3007082
-0.3008719
-0.3010134
-0.3012331
-0.3015055
-0.5750634
-0.5764171
-0.5777352
-0.5789928
-0.5802022
-0.5814261
-0.5826549
-0.5838712
-0.5851323
-0.5864044
-0.5877510
-0.5892630
-0.5909108
-0.5926746
-0.5945485
-0.5965396
-0.5985591
-0.6004308
-0.6022092
-0.6037213
-0.6050379
-0.6061459
-0.6071996
-0.6082139
-0.6092667
-0.6104453
-0.6116849
-0.6129902
-0.6143607
-0.6157415
-0.6171542
-0.6185112
-0.6197775
-0.6209697
-0.6220729
-0.6230920
-0.6240983
-0.6251695
-0.6262838
-0.6275410
-0.6289545
-0.6305802
-0.6323748
-0.6342644
-0.6361535
-0.6379997
-0.6397461
-0.6413176
-0.6427407
-0.6440508
-0.6452856
-0.6464092
-0.6475158
-0.6485374
-0.6495572
-0.6505676
-0.6516169
-0.6526091
-0.6536380
-0.6545684
-0.6554421
-0.6562130
-0.6569133
-0.6575488
-0.6581924
-0.6588244
-0.6595579
-0.6604117
-0.6614093
-0.6624918
-0.6635311
-0.6645469
-0.6654997
-0.6663246
-0.6669333
-0.6673534
-0.6677485
-0.6679675
-0.6681839
-0.6684274
-0.6688221
-0.6693410
-0.6699194
-0.6705649
-0.6713261
-0.6721359
-0.6729582
-0.6738090
-0.6746368
-0.6753836
-0.6760316
















-0.0824507
-0.0842461
-0.0861498
-0.0881531
-0.0902987
-0.0925765
-0.0949338
-0.0972744
-0.0995752
-0.1017219
-0.1036651
-0.1054736
-0.1071675
-0.1087543
-0.1102959
-0.1118952
-0.1135492
-0.1152155
-0.1169076
-0.1186310
-0.1203262
-0.1219708
-0.1235814
-0.1251158
-0.1265186
-0.1277979
-0.1290288
-0.1303167
-0.1317012
-0.1331931
-0.1348171
-0.1365862
-0.1385399
-0.1406699
-0.1428627
-0.1450098
-0.1470298
-0.1488783
-0.1505493
-0.1520726
-0.1534752
-0.1548314
-0.1562592
-0.1578095
-0.1594593
-0.1611781
-0.1629276
-0.1646540
-0.1662957
-0.1678640
-0.1693776
-0.1708417
-0.1723050
-0.1737600
-0.1751700
-0.1765358
-0.1779183
-0.1793894
-0.1809761
-0.1827016
-0.1845129
-0.1863564
-0.1881947
-0.1899367
-0.1914902
-0.1928440
-0.1940489
-0.1951500
-0.1961851
-0.1971713
-0.1981130
-0.1990420
-0.1999712
-0.2008601
-0.2016797
-0.2024261
-0.2030606
-0.2035810
-0.2040299
-0.2043590
-0.2046174
-0.2048343
-0.2050810
-0.2054319
-0.2058903
-0.2065126
-0.2073165
-0.2082620
-0.2093075
-0.2104145
-0.2114824
0.4704792
0.4689092
0.4674833
0.4661513
0.4648063
0.4634347
0.4619147
0.4603031
0.4586299
0.4569819
0.4554060
0.4538469
0.4522586
0.4506998
0.4492158
0.4477989
0.4463615
0.4448916
0.4434115
0.4419032
0.4403567
0.4386346
0.4367286
0.4346468
0.4324586
0.4302640
0.4281367
0.4262524
0.4245890
0.4231149
0.4217245
0.4203435
0.4189635
0.4175785
0.4161125
0.4145406
0.4129087
0.4113358
0.4099284
0.4085807
0.4072957
0.4060969
0.4049881
0.4039375
0.4029604
0.4019948
0.4009211
0.3997768
0.3985733
0.3972820
0.3958587
0.3942937
0.3926322
0.3909326
0.3893107
0.3878337
0.3865379
0.3854409
0.3843881
0.3832551
0.3820342
0.3807157
0.3793461
0.3779760
0.3766818
0.3754796
0.3743671
0.3733854
0.3725906
0.3719500
0.3714582
0.3710412
0.3706325
0.3702599
0.3698652
0.3693614
0.3687448
0.3680758
0.3672843
0.3664668
0.3656730
0.3648167
0.3641044
0.3635383
0.3631081
0.3627069
0.3622868
0.3618024
0.3612356
0.3606428
0.3600727
0.1340919
0.1327642
0.1315481
0.1304933
0.1296173
0.1288677
0.1281823
0.1275271
0.1268657
0.1261842
0.1254847
0.1246886
0.1237646
0.1227281
0.1215520
0.1202221
0.1188588
0.1176017
0.1164918
0.1154599
0.1145012
0.1135422
0.1125336
0.1113983
0.1100792
0.1086531
0.1071446
0.1056178
0.1041277
0.1028181
0.1016568
0.1006228
0.0997344
0.0989771
0.0982877
0.0976173
0.0969694
0.0962959
0.0955204
0.0946322
0.0936856
0.0926571
0.0915259
0.0904270
0.0894077
0.0885366
0.0878295
0.0871982
0.0866558
0.0860635
0.0854261
0.0846614
0.0837283
0.0826894
0.0816454
0.0806500
0.0797003
0.0788375
0.0781694
0.0776966
0.0773306
0.0769967
0.0767085
0.0763946
0.0760466
0.0756133
0.0751151
0.0744916
0.0737829
0.0729915
0.0721051
0.0712642
0.0705525
0.0699979
0.0695915
0.0693157
0.0691148
0.0688851
0.0686072
0.0682194
0.0677561
0.0673214
0.0669997
0.0668456
0.0668759
0.0671327
0.0675279
0.0680945
0.0687323
0.0693287
0.0699653
-0.1203493
-0.1213508
-0.1224657
-0.1236865
-0.1249870
-0.1263258
-0.1276512
-0.1289116
-0.1300719
-0.1311184
-0.1320662
-0.1329616
-0.1338749
-0.1348894
-0.1360762

