0.2041373
0.2041246
0.2040997
0.2039648
0.2036613
0.2031835
0.2025699
0.2019044
0.2012654
0.2007045
0.2002525
0.1999131
0.1997032
0.1996117
0.1996376
0.1997681
0.1999517
0.2001462
0.2003208
0.2004493
0.2005292
0.2005635
0.2005377
0.2004601
0.2003647
0.2002881
0.2002739
0.2003471
0.2004946
0.2006563
0.2007448
0.2006900
0.2004710
0.2001221
0.1997162
0.1993273
0.1990190
0.1988357
0.1987971
0.1988955
0.1990863
0.1993266
0.1995763
0.1997945
0.1999438
0.1999893
0.1999004
0.1996439
0.1992218
0.1986679
0.1980260
0.1973456
0.1966767
0.1960610
0.1955176
0.1950718
0.1946760
0.1942392
0.1936865
0.1929725
0.1921049
0.1911510
0.1901966
0.1893233
0.1885896
0.1880250
0.1876326
0.1874005
0.1873075
0.1873200
0.1873838
0.1874243
0.1873990
0.1872846
0.1870473
0.1866342
0.1860527
0.1853532
0.1846213
0.1839361
0.1833561
0.1828936
0.1824982
0.1821403
0.1817607
0.1812927
0.1806722
0.1798610
0.1788732
0.1777638
0.1766320
0.1755747
-0.0276650
-0.0278090
-0.0277746
-0.0275939
-0.0273236
-0.0270190
-0.0267194
-0.0264898
-0.0263581
-0.0262979
-0.0262959
-0.0263442
-0.0264445
-0.0265768
-0.0266799
-0.0267019
-0.0266077
-0.0263790
-0.0259965
-0.0255105
-0.0250083
-0.0246155
-0.0244194
-0.0244401
-0.0246277
-0.0248577
-0.0250385
-0.0250733
-0.0248996
-0.0245226
-0.0239773
-0.0233196
-0.0226054
-0.0219330
-0.0213764
-0.0209670
-0.0207157
-0.0206116
-0.0206476
-0.0208303
-0.0211203
-0.0214906
-0.0218605
-0.0221706
-0.0223782
-0.0224742
-0.0224974
-0.0225447
-0.0227372
-0.0231491
-0.0238133
-0.0246738
-0.0256358
-0.0265744
-0.0273327
-0.0278881
-0.0281934
-0.0282724
-0.0281832
-0.0279897
-0.0277721
-0.0276268
-0.0275587
-0.0276259
-0.0278479
-0.0282123
-0.0286817
-0.0292242
-0.0297250
-0.0301273
-0.0304013
-0.0305429
-0.0305607
-0.0304915
-0.0303924
-0.0303790
-0.0305614
-0.0310249
-0.0317738
-0.0327103
-0.0336855
-0.0345804
-0.0353210
-0.0358672
-0.0362311
-0.0364337
-0.0365170
-0.0365742
-0.0366672
-0.0368649
-0.0372093
-0.0376842
-0.2292086
-0.2295658
-0.2300133
-0.2304316
-0.2307882
-0.2310288
-0.2311249
-0.2310816
-0.2309161
-0.2306700
-0.2303926
-0.2301708
-0.2301863
-0.2304362
-0.2308965
-0.2314750
-0.2320488
-0.2325175
-0.2328086
-0.2328278
-0.2325516
-0.2320454
-0.2314018
-0.2306944
-0.2299901
-0.2294082
-0.2289664
-0.2286576
-0.2284592
-0.2283017
-0.2281081
-0.2278486
-0.2275141
-0.2270995
-0.2265586
-0.2258940
-0.2251625
-0.2244468
-0.2238582
-0.2235133
-0.2234796
-0.2237395
-0.2242203
-0.2247995
-0.2253234
-0.2257041
-0.2258615
-0.2257823
-0.2255261
-0.2251661
-0.2247766
-0.2244420
-0.2242698
-0.2242689
-0.2243559
-0.2245589
-0.2248446
-0.2251643
-0.2254708
-0.2257058
-0.2258163
-0.2257931
-0.2256558
-0.2254303
-0.2251698
-0.2249761
-0.2249550
-0.2251609
-0.2256919
-0.2265412
-0.2275671
-0.2285822
-0.2294107
-0.2299605
-0.2302906
-0.2304285
-0.2304348
-0.2303954
-0.2303722
-0.2303992
-0.2305198
-0.2307498
-0.2310816
-0.2314919
-0.2319429
-0.2323868
-0.2327573
-0.2330060
-0.2331053
-0.2331468
-0.2330682
-0.2329148
-0.3672314
-0.3664000
-0.3656904
-0.3651369
-0.3647755
-0.3645633
-0.3644225
-0.3642648
-0.3640071
-0.3635355
-0.3628177
-0.3619193
-0.3609550
-0.3600271
-0.3592249
-0.3586214
-0.3582400
-0.3580241
-0.3578958
-0.3577879
-0.3576363
-0.3574018
-0.3570625
-0.3566089
-0.3560465
-0.3553924
-0.3547322
-0.3541255
-0.3536094
-0.3532165
-0.3530353
-0.3530927
-0.3533200
-0.3536583
-0.3540390
-0.3543228
-0.3543620
-0.3541639
-0.3537461
-0.3531803
-0.3525903
-0.3520895
-0.3517705
-0.3516787
-0.3517677
-0.3519905
-0.3522957
-0.3526054
-0.3528405
-0.3529066
-0.3527310
-0.3523625
-0.3518441
-0.3512232
-0.3505828
-0.3499891
-0.3495335
-0.3492948
-0.3494170
-0.3498637
-0.3505272
-0.3512782
-0.3519493
-0.3524184
-0.3526365
-0.3525877
-0.3523605
-0.3520714
-0.3517769
-0.3515779
-0.3515585
-0.3517391
-0.3520624
-0.3524625
-0.3528351
-0.3531340
-0.3533449
-0.3534556
-0.3534597
-0.3533486
-0.3530908
-0.3527989
-0.3525356
-0.3523906
-0.3524707
-0.3528164
-0.3534213
-0.3542436
-0.3551739
-0.3560625
-0.3567786
-0.3572650
-0.4690041
-0.4683765
-0.4676074
-0.4668830
-0.4663605
-0.4660755
-0.4659502
-0.4658676
-0.4657494
-0.4655274
-0.4651495
-0.4646056
-0.4638747
-0.4629501
-0.4619249
-0.4608734
-0.4598622
-0.4589704
-0.4582332
-0.4576713
-0.4573204
-0.4571928
-0.4572124
-0.4573004
-0.4573589
-0.4572846
-0.4569965
-0.4564780
-0.4557761
-0.4550287
-0.4543775
-0.4539292
-0.4537819
-0.4539026
-0.4541540
-0.4544056
-0.4545594
-0.4546161
-0.4545214
-0.4542542
-0.4538207
-0.4532336
-0.4526199
-0.4519663
-0.4513976
-0.4509482
-0.4506920
-0.4506789
-0.4509092
-0.4513253
-0.4518590
-0.4524044
-0.4528204
-0.4530144
-0.4529846
-0.4528133
-0.4524676
-0.4521117
-0.4518419
-0.4518219
-0.4520847
-0.4525772
-0.4531630
-0.4537126
-0.4540880
-0.4542768
-0.4541966
-0.4538134
-0.4531941
-0.4524262
-0.4516230
-0.4508892
-0.4503531
-0.4500824
-0.4501040
-0.4504238
-0.4509743
-0.4516423
-0.4523002
-0.4528594
-0.4531590
-0.4531993
-0.4530340
-0.4527450
-0.4524482
-0.4522696
-0.4523306
-0.4526484
-0.4531861
-0.4539326
-0.4547437
-0.4554398
-0.6151047
-0.6144493
-0.6135384
-0.6125112
-0.6114603
-0.6104674
-0.6096153
-0.6088974
-0.6083348
-0.6079961
-0.6078345
-0.6077672
-0.6077534
-0.6076803
-0.6074750
-0.6071092
-0.6064945
-0.6056979
-0.6048388
-0.6040422
-0.6034029
-0.6031523
-0.6032539
-0.6036493
-0.6041418
-0.6045783
-0.6048386
-0.6048510
-0.6046577
-0.6042110
-0.6036444
-0.6030236
-0.6023727
-0.6017639
-0.6012537
-0.6009566
-0.6008906
-0.6010624
-0.6013918
-0.6018389
-0.6022555
-0.6025543
-0.6026679
-0.6025790
-0.6022243
-0.6017581
-0.6013493
-0.6009926
-0.6008920
-0.6011322
-0.6017048
-0.6024470
-0.6030849
-0.6035014
-0.6036539
-0.6035315
-0.6030689
-0.6024068
-0.6015635
-0.6006508
-0.5997957
-0.5990970
-0.5986464
-0.5984958
-0.5986111
-0.5988513
-0.5992194
-0.5996635
-0.6001331
-0.6005157
-0.6007263
-0.6007413
-0.6005705
-0.6003941
-0.6003754
-0.6005940
-0.6011433
-0.6020689
-0.6032769
-0.6045714
-0.6057848
-0.6067466
-0.6073929
-0.6077222
-0.6077732
-0.6076573
-0.6074640
-0.6073144
-0.6072227
-0.6073055
-0.6076058
0.1945209
0.1936045
0.1926378
0.1916720
0.1907246
0.1899070
0.1893001
0.1888949
0.1887620
0.1887413
0.1887560
0.1886745
0.1884051
0.1878073
0.1868983
0.1857917
0.1847112
0.1837892
0.1830911
0.1826662
0.1825122
0.1825868
0.1828167
0.1830796
0.1832364
0.1832668
0.1831328
0.1828921
0.1825442
0.1821120
0.1816446
0.1811826
0.1807924
0.1805713
0.1804969
0.1805432
0.1807045
0.1809083
0.1809917
0.1808334
0.1803304
0.1794929
0.1784345
0.1773193
0.1763564
0.1756505
0.1752249
0.1750512
0.1750914
0.1752532
0.1754297
0.1754757
0.1753374
0.1750289
0.1745210
0.1738778
0.1731664
0.1724425
0.1717415
0.1711204
0.1706181
0.1703007
0.1701788
0.1701458
0.1701469
0.1700397
0.1696598
0.1689490
0.1678708
0.1664690
0.1649025
0.1633746
0.1620604
0.1610706
0.1603667
0.1598278
0.1594791
0.1591776
0.1588416
0.1583817
0.1577267
0.1568802
0.1558944
0.1547692
0.1535797
0.1524378
0.1513644
0.1503969
0.1495516
0.1488311
0.1482214
0.1475877
-0.1573384
-0.1574224
-0.1577359
-0.1583021
-0.1590702
-0.1599823
-0.1609402
-0.1618205
-0.1624550
-0.1627775
-0.1628587
-0.1627207
-0.1624729
-0.1621757
-0.1619977
-0.1619913
-0.1621581
-0.1624823
-0.1628840
-0.1632638
-0.1635569
-0.1637250
-0.1637150
-0.1635141
-0.1631283
-0.1625735
-0.1619526
-0.1613571
-0.1609274
-0.1607406
-0.1608255
-0.1611900
-0.1618157
-0.1626092
-0.1633647
-0.1639614
-0.1643057
-0.1643531
-0.1641402
-0.1637527
-0.1632897
-0.1629074
-0.1627287
-0.1627481
-0.1628941
-0.1631343
-0.1634100
-0.1636412
-0.1638584
-0.1639945
-0.1640032
-0.1638544
-0.1635470
-0.1631167
-0.1626133
-0.1621747
-0.1619039
-0.1619012
-0.1622073
-0.1628444
-0.1637131
-0.1646908
-0.1656418
-0.1663995
-0.1668888
-0.1671221
-0.1671855
-0.1672280
-0.1673543
-0.1676475
-0.1681518
-0.1688705
-0.1696996
-0.1705945
-0.1715565
-0.1724534
-0.1732319
-0.1738663
-0.1743497
-0.1747126
-0.1749626
-0.1751793
-0.1754798
-0.1759364
-0.1766008
-0.1775483
-0.1787930
-0.1803969
-0.1821212
-0.1837531
-0.1851727
-0.1863018
-0.4447523
-0.4449383
-0.4450816
-0.4453575
-0.4458278
-0.4464683
-0.4472475
-0.4480642
-0.4487483
-0.4493252
-0.4497292
-0.4498696
-0.4497823
-0.4495394
-0.4491865
-0.4487735
-0.4484048
-0.4481626
-0.4480685
-0.4481963
-0.4486138
-0.4492286
-0.4499483
-0.4507187
-0.4514709
-0.4521029
-0.4525179
-0.4527156
-0.4527711
-0.4527361
-0.4527940
-0.4530109
-0.4534408
-0.4540529
-0.4548412
-0.4556283
-0.4562937
-0.4568056
-0.4571376
-0.4572811
-0.4572746
-0.4571446
-0.4569326
-0.4567201
-0.4565993
-0.4566137
-0.4568022
-0.4571491
-0.4577139
-0.4584636
-0.4593235
-0.4601367
-0.4607817
-0.4612468
-0.4614924
-0.4615812
-0.4616370
-0.4617679
-0.4620571
-0.4625417
-0.4633170
-0.4642819
-0.4653393
-0.4663946
-0.4672815
-0.4679607
-0.4684816
-0.4687831
-0.4689628
-0.4690837
-0.4692033
-0.4694480
-0.4698500
-0.4704801
-0.4714103
-0.4726334
-0.4740963
-0.4757110
-0.4773303
-0.4788009
-0.4800227
-0.4809882
-0.4816868
-0.4822636
-0.4828578
-0.4835052
-0.4843035
-0.4853665
-0.4866152
-0.4879853
-0.4894209
-0.4907852
0.2330873
0.2330242
0.2331599
0.2334241
0.2337907
0.2342148
0.2346222
0.2349595
0.2351473
0.2351954
0.2351179
0.2348896
0.2345891
0.2342864
0.2339984
0.2338012
0.2337441
0.2338041
0.2339462
0.2340987
0.2341778
0.2340985
0.2338171
0.2332871
0.2325786
0.2318121
0.2311092
0.2305546
0.2302496
0.2301760
0.2303093
0.2305878
0.2309331
0.2312171
0.2313942
0.2314777
0.2313825
0.2310581
0.2306019
0.2300216
0.2293543
0.2287044
0.2281613
0.2277836
0.2275996
0.2276012
0.2276742
0.2277309
0.2276289
0.2272421
0.2265794
0.2256807
0.2246729
0.2237255
0.2229103
0.2223074
0.2219417
0.2217453
0.2216414
0.2215693
0.2215028
0.2213852
0.2211653
0.2207887
0.2202304
0.2194995
0.2186272
0.2176704
0.2167275
0.2158665
0.2151613
0.2146522
0.2142952
0.2140333
0.2137378
0.2133134
0.2126868
0.2118177
0.2106727
0.2093294
0.2079841
0.2067072
0.2056199
0.2048254
0.2043001
0.2039182
0.2036157
0.2033342
0.2030543
0.2026915
0.2021023
0.2012403
-0.0568565
-0.0568326
-0.0568720
-0.0569079
-0.0568525
-0.0566704
-0.0563329
-0.0558222
-0.0552238
-0.0546071
-0.0540673
-0.0536725
-0.0534837
-0.0535455
-0.0537667
-0.0540701
-0.0543906
-0.0545781
-0.0546296
-0.0544308
-0.0540139
-0.0533783
-0.0526049
-0.0518786
-0.0511698
-0.0505898
-0.0501960
-0.0499783
-0.0498650
-0.0497812
-0.0496963
-0.0495440
-0.0492949
-0.0489532
-0.0485605
-0.0481237
-0.0476816
-0.0472799
-0.0470360
-0.0470445
-0.0473514
-0.0479508
-0.0487021
-0.0494330
-0.0500540
-0.0504598
-0.0506086
-0.0505344
-0.0502470
-0.0498517
-0.0494691
-0.0491418
-0.0489237
-0.0489021
-0.0490405
-0.0492646
-0.0496033
-0.0500057
-0.0503420
-0.0506184
-0.0508092
-0.0509038
-0.0509123
-0.0508265
-0.0507401
-0.0507115
-0.0508425
-0.0512322
-0.0519192
-0.0528512
-0.0539295
-0.0549675
-0.0557652
-0.0562972
-0.0565520
-0.0565563
-0.0564303
-0.0562964
-0.0561867
-0.0561770
-0.0563074
-0.0565634
-0.0569133
-0.0573044
-0.0577616
-0.0582715
-0.0587261
-0.0591585
-0.0594893
-0.0596822
-0.0597941
-0.0598922
-0.2908853
-0.2906594
-0.2905359
-0.2906884
-0.2910731
-0.2915671
-0.2920775
-0.2924877
-0.2927855
-0.2928549
-0.2927355
-0.2924881
-0.2921572
-0.2918351
-0.2915733
-0.2913861
-0.2913332
-0.2914229
-0.2915926
-0.2918628
-0.2920286
-0.2921548
-0.2922087
-0.2921934
-0.2920871
-0.2918674
-0.2915615
-0.2912146
-0.2909292
-0.2907370
-0.2907963
-0.2911297
-0.2916523
-0.2923160
-0.2930013
-0.2935970
-0.2940046
-0.2941518
-0.2941044
-0.2939744
-0.2937903
-0.2936230
-0.2934878
-0.2934783
-0.2935805
-0.2937060
-0.2939342
-0.2941726
-0.2944362
-0.2946209
-0.2946893
-0.2946694
-0.2945645
-0.2944070
-0.2942134
-0.2941315
-0.2942079
-0.2945375
-0.2951089
-0.2959071
-0.2968979
-0.2979009
-0.2988694
-0.2997096
-0.3003000
-0.3006631
-0.3008898
-0.3010547
-0.3012205
-0.3014973
-0.3018706
-0.3023210
-0.3028374
-0.3034327
-0.3040888
-0.3048018
-0.3055220
-0.3061422
-0.3066542
-0.3070799
-0.3074928
-0.3079028
-0.3083991
-0.3090427
-0.3099069
-0.3110126
-0.3124040
-0.3140012
-0.3157590
-0.3175251
-0.3191378
-0.3204820
0.4132360
0.4134329
0.4136649
0.4138357
0.4139381
0.4139090
0.4137206
0.4134654
0.4131595
0.4129017
0.4127266
0.4126878
0.4128703
0.4131192
0.4134176
0.4137875
0.4140667
0.4142120
0.4142484
0.4140703
0.4137311
0.4132575
0.4127029
0.4121276
0.4115805
0.4111148
0.4107843
0.4105463
0.4104189
0.4103420
0.4102107
0.4099558
0.4095687
0.4090562
0.4085147
0.4079208
0.4073651
0.4069418
0.4066911
0.4065853
0.4065939
0.4066612
0.4068189
0.4070249
0.4071791
0.4072257
0.4071218
0.4068509
0.4064281
0.4058508
0.4051799
0.4045002
0.4038961
0.4034138
0.4031017
0.4029178
0.4027981
0.4026078
0.4022582
0.4017185
0.4010248
0.4002344
0.3993668
0.3985381
0.3977349
0.3970006
0.3964270
0.3960454
0.3957375
0.3954858
0.3953054
0.3950460
0.3946579
0.3940986
0.3933550
0.3923891
0.3911607
0.3897588
0.3883411
0.3869749
0.3857670
0.3847232
0.3838884
0.3832342
0.3825790
0.3818646
0.3810238
0.3800086
0.3788016
0.3774639
0.3761277
0.3748313
0.0573648
0.0571688
0.0571541
0.0573039
0.0575753
0.0579196
0.0582704
0.0585723
0.0587691
0.0588315
0.0587518
0.0585339
0.0582178
0.0578331
0.0574152
0.0569755
0.0565381
0.0561853
0.0558713
0.0556306
0.0554168
0.0551544
0.0547813
0.0542776
0.0536570
0.0530011
0.0523613
0.0518237
0.0513999
0.0511055
0.0509420
0.0508660
0.0508648
0.0509210
0.0509588
0.0509267
0.0507814
0.0505592
0.0502446
0.0498322
0.0493334
0.0487767
0.0482495
0.0477927
0.0474007
0.0470657
0.0467600
0.0464214
0.0459766
0.0453952
0.0446775
0.0438265
0.0429417
0.0420846
0.0412853
0.0405929
0.0399983
0.0395294
0.0391923
0.0389164
0.0386812
0.0384563
0.0382032
0.0378518
0.0373866
0.0367922
0.0360588
0.0351797
0.0342270
0.0332607
0.0323571
0.0315377
0.0307820
0.0301030
0.0294743
0.0288068
0.0280226
0.0270911
0.0259804
0.0246802
0.0233011
0.0219448
0.0207358
0.0196568
0.0187071
0.0178299
0.0169769
0.0161823
0.0154352
0.0147358
0.0140098
0.0131836
-0.3018405
-0.3022227
-0.3026890
-0.3032311
-0.3037669
-0.3042752
-0.3047046
-0.3050512
-0.3053507
-0.3056230
-0.3059697
-0.3063708
-0.3069156
-0.3076399
-0.3085104
-0.3094234
-0.3103467
-0.3111682
-0.3118722
-0.3124230
-0.3127733
-0.3129878
-0.3130900
-0.3131133
-0.3131508
-0.3131811
-0.3132708
-0.3134201
-0.3136655
-0.3140294
-0.3144587
-0.3149156
-0.3153198
-0.3156520
-0.3159296
-0.3161091
-0.3162331
-0.3163137
-0.3164086
-0.3166624
-0.3170741
-0.3176583
-0.3183666
-0.3191874
-0.3200377
-0.3207983
-0.3214345
-0.3219432
-0.3223438
-0.3226695
-0.3228595
-0.3230432
-0.3232160
-0.3234374
-0.3236673
-0.3238958
-0.3241964
-0.3245954
-0.3250727
-0.3255696
-0.3260630
-0.3265870
-0.3270974
-0.3276182
-0.3281410
-0.3286930
-0.3292832
-0.3300461
-0.3309798
-0.3321102
-0.3333924
-0.3346890
-0.3358931
-0.3369343
-0.3377711
-0.3384790
-0.3390989
-0.3396715
-0.3402658
-0.3409300
-0.3416131
-0.3423125
-0.3430630
-0.3439184
-0.3448349
-0.3457144
-0.3466638
-0.3475758
-0.3483792
-0.3491339
-0.3498503
-0.3505647
0.3233682
0.3227635
0.3221020
0.3212702
0.3202538
0.3190270
0.3177691
0.3163753
0.3150922
0.3138490
0.3127263
0.3117972
0.3110788
0.3105558
0.3101112
0.3097239
0.3092758
0.3088245
0.3083544
0.3078874
0.3073406
0.3067906
0.3062503
0.3057953
0.3052963
0.3048942
0.3044921
0.3040989
0.3037437
0.3032715
0.3026575
0.3018424
0.3008463
0.2996859
0.2984513
0.2972219
0.2960130
0.2950006
0.2941210
0.2933557
0.2927201
0.2921410
0.2915366
0.2909220
0.2901880
0.2894194
0.2886043
0.2877626
0.2869267
0.2861307
0.2853077
0.2844675
0.2836391
0.2828636
0.2821140
0.2813110
0.2804278
0.2794655
0.2783477
0.2770440
0.2755372
0.2738018
0.2719899
0.2701950
0.2684981
0.2670190
0.2656770
0.2644780
0.2633617
0.2623142
0.2612568
0.2601972
0.2591523
0.2579742
0.2566772
0.2553638
0.2540516
0.2527454
0.2515046
0.2503208
0.2491338
0.2479762
0.2467495
0.2455077
0.2441763
0.2427613
0.2411804
0.2393773
0.2373484
0.2352207
0.2331245
0.2311479
























-0.2124356
-0.2133138
-0.2141035
-0.2147524
-0.2153143
-0.2158356
-0.2163479
-0.2169018
-0.2175095
-0.2181454
-0.2186913
-0.2191422
-0.2195406
-0.2198472
-0.2200059
-0.2200471
-0.2200325
-0.2200059
-0.2199975
-0.2200691
-0.2202501
-0.2205537
-0.2209708
-0.2214499
-0.2219951
-0.2226003
-0.2232010
-0.2237600
-0.2242661
-0.2247111
-0.2250985
-0.2254472
-0.2258411
-0.2263390
-0.2269191
-0.2275676
-0.2282547
-0.2289632
-0.2296730
-0.2303661
-0.2310283
-0.2316058
-0.2320822
-0.2324437
-0.2327144
-0.2329751
-0.2333231
-0.2337959
-0.2344103
-0.2352334
-0.2362291
-0.2373224
-0.2384439
-0.2395462
-0.2405738
-0.2414956
-0.2423264
-0.2430636
-0.2437289
-0.2443330
-0.2449597
-0.2456797
-0.2464611
-0.2472920
-0.2481766
-0.2491189
-0.2500864
-0.2510326
-0.2519190
-0.2527462
-0.2535109
-0.2541938
-0.2548922
-0.2556327
-0.2564073
-0.2572379
-0.2582958
-0.2595455
-0.2609369
-0.2624053
-0.2639019
-0.2653663
-0.2667412
-0.2679749
-0.2691085
-0.2701901
-0.2712571
-0.2723850
-0.2735775
-0.2748146
-0.2761502
-0.2775748
0.3595162
0.3589314
0.3584260
0.3580926
0.3578507
0.3576795
0.3575894
0.3575071
0.3574252
0.3573335
0.3571525
0.3567985
0.3563397
0.3557750
0.3551328
0.3545113
0.3539339
0.3533869
0.3528699
0.3524756
0.3520979
0.3517853
0.3515060
0.3511897
0.3507771
0.3502269
0.3495550
0.3488315
0.3481606
0.3475298
0.3470191
0.3466573
0.3464176
0.3462795
0.3462068
0.3461313
0.3459884
0.3458541
0.3456339
0.3452908
0.3448115
0.3441808
0.3434856
0.3428105
0.3421832
0.3416571
0.3412370
0.3409361
0.3407410
0.3405194
0.3403042
0.3399683
0.3394911
0.3389885
0.3384825
0.3379082
0.3374314
0.3370656
0.3368008
0.3365967
0.3364652
0.3364071
0.3363070
0.3361832
0.3360197
0.3357915
0.3354041
0.3348184
0.3340548
0.3331740
0.3322264
0.3312681
0.3303762
0.3295699
0.3288928
0.3282938
0.3277127
0.3271251
0.3263704
0.3254522
0.3243822
0.3232700
0.3221784
0.3211066
0.3201480
0.3192947
0.3185789
0.3180063
0.3174801
0.3169719
0.3163884
0.3157875
0.0705954
0.0711797
0.0716794
0.0720514
0.0723044
0.0723700
0.0723209
0.0721990
0.0720322
0.0718876
0.0717726
0.0717381
0.0717789
0.0717879
0.0716874
0.0714127
0.0709779
0.0704466
0.0699011
0.0694513
0.0691623
0.0690457
0.0690706
0.0691789
0.0693301
0.0695113
0.0696612
0.0697819
0.0698882
0.0699443
0.0699341
0.0698149
0.0695819
0.0692652
0.0689390
0.0686718
0.0684677
0.0683348
0.0682923
0.0682787
0.0681960
0.0679725
0.0675431
0.0669617
0.0663412
0.0657389
0.0651855
0.0647663
0.0644915
0.0644040
0.0644318
0.0645295
0.0646913
0.0648619
0.0650029
0.0651660
0.0652435
0.0651173
0.0648110
0.0644624
0.0641082
0.0637062
0.0632874
0.0629611
0.0627501
0.0626165
0.0625340
0.0624149
0.0621733
0.0617725
0.0611593
0.0603290
0.0593543
0.0583728
0.0575204
0.0568602
0.0564070
0.0561256
0.0559968
0.0559141
0.0558764
0.0558448
0.0556772
0.0553802
0.0549754
0.0543884
0.0536212
0.0527394
0.0518491
0.0509175
0.0500142
0.0491921
