0.1746592
0.1739298
0.1734031
0.1730581
0.1728169
0.1725895
0.1722985
0.1718836
0.1713054
0.1705422
0.1695891
0.1684703
0.1672270
0.1659142
0.1645979
0.1633437
0.1621985
0.1611720
0.1602201
0.1592996
0.1583350
0.1572466
0.1559946
0.1545819
0.1530491
0.1514664
0.1499122
0.1484556
0.1471395
0.1459729
0.1449459
0.1440356
0.1432222
0.1424183
0.1415756
0.1406767
0.1396997
0.1386284
0.1374535
0.1361771
0.1348384
0.1335092
0.1322792
0.1312265
0.1303772
0.1296857
0.1290729
0.1284650
0.1277780
0.1269527
0.1259773
0.1248787
0.1237071
0.1225238
0.1214250
0.1204714
0.1196869
0.1190559
0.1185343
0.1180488
0.1175339
0.1169548
0.1162814
0.1154743
0.1145235
0.1134373
0.1122347
0.1109401
0.1096079
0.1083216
0.1071490
0.1061379
0.1052998
0.1045939
0.1039402
0.1032495
0.1024768
0.1016185
0.1006897
0.0997319
0.0987931
0.0979274
0.0971828
0.0965673
0.0960748
0.0956939
0.0953978
0.0951485
0.0949073
0.0946336
0.0942805
0.0938097
-0.0382881
-0.0390290
-0.0398865
-0.0407687
-0.0416620
-0.0425093
-0.0432235
-0.0438116
-0.0443142
-0.0447969
-0.0453494
-0.0460411
-0.0469375
-0.0481072
-0.0495270
-0.0510946
-0.0526779
-0.0541408
-0.0553664
-0.0563123
-0.0570196
-0.0575888
-0.0580961
-0.0586056
-0.0591504
-0.0598080
-0.0606293
-0.0616027
-0.0626753
-0.0637963
-0.0649026
-0.0659647
-0.0669136
-0.0676810
-0.0683109
-0.0688507
-0.0693405
-0.0698207
-0.0703947
-0.0712129
-0.0723469
-0.0737171
-0.0752424
-0.0768264
-0.0783620
-0.0796823
-0.0807174
-0.0815321
-0.0821890
-0.0827593
-0.0833060
-0.0838664
-0.0844782
-0.0851909
-0.0859935
-0.0868781
-0.0878345
-0.0888248
-0.0897954
-0.0906866
-0.0914656
-0.0920995
-0.0925412
-0.0928500
-0.0931135
-0.0934088
-0.0938431
-0.0944829
-0.0953362
-0.0963879
-0.0975666
-0.0987502
-0.0998157
-0.1007105
-0.1014082
-0.1018881
-0.1022226
-0.1025304
-0.1029003
-0.1033711
-0.1039540
-0.1047435
-0.1057363
-0.1068348
-0.1079956
-0.1091824
-0.1103573
-0.1114854
-0.1125273
-0.1134459
-0.1142584
-0.1150231
-0.2327854
-0.2328043
-0.2330035
-0.2334564
-0.2342577
-0.2353089
-0.2364593
-0.2375352
-0.2384055
-0.2390105
-0.2393653
-0.2395424
-0.2396589
-0.2398239
-0.2400934
-0.2404851
-0.2410185
-0.2416984
-0.2424320
-0.2431913
-0.2439478
-0.2446789
-0.2453497
-0.2459112
-0.2463382
-0.2466310
-0.2468484
-0.2470315
-0.2472056
-0.2475186
-0.2480836
-0.2489222
-0.2500239
-0.2512652
-0.2524932
-0.2535888
-0.2544023
-0.2549795
-0.2553284
-0.2555285
-0.2556275
-0.2557355
-0.2559252
-0.2562553
-0.2567468
-0.2573401
-0.2579805
-0.2586303
-0.2592424
-0.2597690
-0.2601416
-0.2603827
-0.2605744
-0.2607351
-0.2608950
-0.2611461
-0.2615677
-0.2622136
-0.2631319
-0.2642858
-0.2656314
-0.2670550
-0.2684099
-0.2695681
-0.2704499
-0.2710587
-0.2714257
-0.2717417
-0.2721230
-0.2726434
-0.2733379
-0.2741929
-0.2751878
-0.2761995
-0.2772594
-0.2782617
-0.2791451
-0.2798684
-0.2804346
-0.2808090
-0.2810317
-0.2812122
-0.2813892
-0.2816406
-0.2820833
-0.2828023
-0.2837670
-0.2848982
-0.2860845
-0.2872097
-0.2881671
-0.2889034
-0.3574969
-0.3575456
-0.3575274
-0.3575584
-0.3577137
-0.3580525
-0.3586026
-0.3593098
-0.3600563
-0.3607590
-0.3614073
-0.3619472
-0.3623465
-0.3625961
-0.3627030
-0.3626876
-0.3626017
-0.3625289
-0.3625756
-0.3628373
-0.3633837
-0.3642228
-0.3653203
-0.3666056
-0.3679173
-0.3690770
-0.3699361
-0.3704278
-0.3705863
-0.3705441
-0.3704357
-0.3703655
-0.3704276
-0.3706721
-0.3710970
-0.3716476
-0.3722186
-0.3727400
-0.3731691
-0.3735012
-0.3737122
-0.3738079
-0.3737444
-0.3736870
-0.3736895
-0.3737466
-0.3739066
-0.3742588
-0.3748597
-0.3756753
-0.3766164
-0.3776590
-0.3787612
-0.3796944
-0.3803416
-0.3806936
-0.3807681
-0.3807100
-0.3806757
-0.3807792
-0.3810399
-0.3814319
-0.3819281
-0.3824632
-0.3829621
-0.3833464
-0.3836285
-0.3837914
-0.3837856
-0.3835690
-0.3831986
-0.3828101
-0.3824333
-0.3821458
-0.3819750
-0.3819985
-0.3822527
-0.3827555
-0.3834556
-0.3842296
-0.3850016
-0.3856806
-0.3861310
-0.3863072
-0.3863139
-0.3863821
-0.3865611
-0.3868830
-0.3873460
-0.3879068
-0.3885143
-0.3890959
-0.4559635
-0.4563499
-0.4565618
-0.4566360
-0.4566493
-0.4566569
-0.4567428
-0.4569311
-0.4571394
-0.4575810
-0.4582334
-0.4590967
-0.4601547
-0.4612890
-0.4623538
-0.4633000
-0.4639045
-0.4641774
-0.4642354
-0.4642146
-0.4642676
-0.4645056
-0.4649676
-0.4656218
-0.4664304
-0.4673189
-0.4682223
-0.4690428
-0.4696952
-0.4701097
-0.4702877
-0.4703172
-0.4702895
-0.4702677
-0.4703000
-0.4704622
-0.4708506
-0.4715050
-0.4724209
-0.4735583
-0.4748554
-0.4761651
-0.4773431
-0.4783544
-0.4790608
-0.4795047
-0.4798347
-0.4801759
-0.4806667
-0.4813838
-0.4823068
-0.4833934
-0.4845240
-0.4856240
-0.4866064
-0.4873790
-0.4879469
-0.4882663
-0.4883832
-0.4883924
-0.4883626
-0.4883184
-0.4884483
-0.4887344
-0.4891821
-0.4898445
-0.4907108
-0.4917250
-0.4928183
-0.4938597
-0.4946831
-0.4953150
-0.4957013
-0.4959110
-0.4961060
-0.4964856
-0.4970926
-0.4979082
-0.4989060
-0.4999654
-0.5010249
-0.5019431
-0.5025908
-0.5030770
-0.5033539
-0.5033972
-0.5032901
-0.5031326
-0.5030056
-0.5029508
-0.5029755
-0.5031902
-0.6080624
-0.6087249
-0.6094761
-0.6102194
-0.6108669
-0.6113553
-0.6116984
-0.6119393
-0.6120238
-0.6120234
-0.6120574
-0.6122265
-0.6126428
-0.6133568
-0.6143862
-0.6155544
-0.6167080
-0.6177426
-0.6185768
-0.6191603
-0.6195141
-0.6197244
-0.6198695
-0.6200057
-0.6202383
-0.6205417
-0.6209797
-0.6216450
-0.6224709
-0.6234876
-0.6245819
-0.6256441
-0.6265700
-0.6273036
-0.6278348
-0.6280842
-0.6282543
-0.6284096
-0.6287321
-0.6293167
-0.6302951
-0.6315509
-0.6329960
-0.6344545
-0.6357972
-0.6369041
-0.6377093
-0.6382638
-0.6386029
-0.6387672
-0.6390024
-0.6393338
-0.6398065
-0.6404074
-0.6411481
-0.6420243
-0.6430137
-0.6440635
-0.6450758
-0.6459555
-0.6466298
-0.6470907
-0.6473554
-0.6474953
-0.6476248
-0.6477409
-0.6480052
-0.6485671
-0.6493253
-0.6502671
-0.6512439
-0.6521296
-0.6528846
-0.6534575
-0.6538075
-0.6539379
-0.6540022
-0.6540401
-0.6541251
-0.6543167
-0.6546604
-0.6552303
-0.6559648
-0.6568264
-0.6577610
-0.6586850
-0.6595486
-0.6602788
-0.6607848
-0.6610964
-0.6611419
-0.6611256
0.1468548
0.1459994
0.1448817
0.1434069
0.1415850
0.1394469
0.1371800
0.1350048
0.1331218
0.1315844
0.1303579
0.1293179
0.1283931
0.1275670
0.1266780
0.1256704
0.1245059
0.1232022
0.1217888
0.1203040
0.1188194
0.1173729
0.1160198
0.1147917
0.1137404
0.1128542
0.1120479
0.1113109
0.1105100
0.1095268
0.1082737
0.1067384
0.1048986
0.1028933
0.1009141
0.0991303
0.0977218
0.0966421
0.0958327
0.0951433
0.0944675
0.0937492
0.0928034
0.0917422
0.0905580
0.0893101
0.0880866
0.0868432
0.0856541
0.0845763
0.0836128
0.0827758
0.0820703
0.0814609
0.0809232
0.0803169
0.0795070
0.0784116
0.0770194
0.0753817
0.0736030
0.0718011
0.0701259
0.0687427
0.0676391
0.0667506
0.0659983
0.0653100
0.0645052
0.0635581
0.0624269
0.0611358
0.0597520
0.0583055
0.0569078
0.0556466
0.0544301
0.0533893
0.0525659
0.0518653
0.0512524
0.0507255
0.0501887
0.0494775
0.0485320
0.0473109
0.0458451
0.0442174
0.0425702
0.0410235
0.0396058
0.0384618
-0.1871326
-0.1877173
-0.1882245
-0.1887581
-0.1893727
-0.1900881
-0.1909505
-0.1919345
-0.1929803
-0.1940604
-0.1951598
-0.1961633
-0.1970259
-0.1977044
-0.1982245
-0.1986506
-0.1990340
-0.1994826
-0.2000382
-0.2007540
-0.2016826
-0.2028303
-0.2042201
-0.2058397
-0.2075322
-0.2090639
-0.2102535
-0.2110818
-0.2116642
-0.2121571
-0.2126445
-0.2132016
-0.2138878
-0.2147377
-0.2157239
-0.2167456
-0.2177907
-0.2188437
-0.2198927
-0.2208403
-0.2216009
-0.2221741
-0.2225880
-0.2229106
-0.2232570
-0.2237199
-0.2244401
-0.2254306
-0.2267003
-0.2282790
-0.2301163
-0.2320969
-0.2340972
-0.2359395
-0.2375066
-0.2387656
-0.2397788
-0.2406861
-0.2416457
-0.2427534
-0.2440613
-0.2455565
-0.2471363
-0.2487409
-0.2502541
-0.2515895
-0.2526736
-0.2535077
-0.2540898
-0.2544480
-0.2546565
-0.2548111
-0.2550355
-0.2553928
-0.2559096
-0.2566401
-0.2576265
-0.2588348
-0.2601572
-0.2614673
-0.2627327
-0.2638347
-0.2646157
-0.2651691
-0.2656432
-0.2661601
-0.2668075
-0.2676266
-0.2686216
-0.2697601
-0.2710253
-0.2722472
-0.4919945
-0.4929939
-0.4937467
-0.4942866
-0.4946794
-0.4950269
-0.4953602
-0.4958376
-0.4965120
-0.4974152
-0.4985506
-0.4999134
-0.5014366
-0.5030344
-0.5045366
-0.5059251
-0.5071375
-0.5081566
-0.5090559
-0.5100282
-0.5111140
-0.5123294
-0.5137313
-0.5153236
-0.5169794
-0.5186220
-0.5202139
-0.5216981
-0.5230005
-0.5240729
-0.5249524
-0.5256984
-0.5263107
-0.5269285
-0.5275926
-0.5283034
-0.5291449
-0.5301834
-0.5314319
-0.5328838
-0.5345065
-0.5361813
-0.5377989
-0.5391959
-0.5403114
-0.5411708
-0.5419256
-0.5427715
-0.5438578
-0.5452703
-0.5469340
-0.5487638
-0.5506448
-0.5524718
-0.5541686
-0.5557059
-0.5570719
-0.5583160
-0.5593897
-0.5603349
-0.5612031
-0.5620937
-0.5630660
-0.5641194
-0.5652919
-0.5666490
-0.5681890
-0.5698318
-0.5715207
-0.5731227
-0.5744959
-0.5756155
-0.5764885
-0.5771569
-0.5778642
-0.5787629
-0.5799203
-0.5812525
-0.5826697
-0.5841259
-0.5855160
-0.5867379
-0.5877547
-0.5885847
-0.5892139
-0.5896220
-0.5898721
-0.5900643
-0.5903186
-0.5906682
-0.5911516
-0.5918710
0.2001336
0.1988924
0.1975996
0.1962677
0.1949966
0.1939034
0.1929740
0.1922201
0.1915918
0.1910042
0.1903831
0.1896703
0.1887299
0.1875452
0.1861716
0.1846832
0.1832009
0.1818767
0.1807739
0.1798958
0.1791960
0.1785976
0.1780257
0.1775044
0.1769433
0.1762223
0.1753341
0.1742773
0.1730993
0.1718510
0.1705810
0.1693250
0.1682020
0.1672193
0.1663982
0.1656965
0.1650286
0.1643628
0.1636066
0.1627164
0.1616829
0.1604596
0.1591321
0.1578115
0.1566593
0.1557138
0.1549621
0.1544016
0.1539445
0.1535563
0.1532185
0.1527860
0.1521619
0.1513126
0.1502933
0.1491590
0.1479114
0.1465703
0.1452167
0.1439547
0.1428441
0.1419493
0.1412421
0.1406089
0.1399600
0.1391780
0.1382469
0.1371174
0.1358355
0.1344069
0.1330114
0.1317651
0.1307355
0.1299063
0.1292044
0.1286034
0.1280306
0.1274282
0.1267676
0.1260142
0.1251217
0.1240690
0.1228478
0.1215383
0.1201977
0.1189541
0.1178054
0.1167792
0.1159283
0.1152926
0.1148687
0.1145120
-0.0601111
-0.0604536
-0.0610944
-0.0621296
-0.0634884
-0.0651012
-0.0668100
-0.0684354
-0.0698490
-0.0710427
-0.0720137
-0.0728349
-0.0736130
-0.0743748
-0.0752193
-0.0761093
-0.0770858
-0.0781790
-0.0793474
-0.0805924
-0.0818148
-0.0829448
-0.0839569
-0.0848089
-0.0855201
-0.0861216
-0.0866628
-0.0871951
-0.0878312
-0.0886554
-0.0897378
-0.0911139
-0.0927171
-0.0944554
-0.0961559
-0.0977149
-0.0990695
-0.1001558
-0.1009802
-0.1016728
-0.1022580
-0.1028462
-0.1035296
-0.1043464
-0.1053267
-0.1064238
-0.1075889
-0.1087730
-0.1098785
-0.1108975
-0.1117373
-0.1124124
-0.1129731
-0.1134602
-0.1139529
-0.1145088
-0.1152079
-0.1161334
-0.1173226
-0.1186824
-0.1200655
-0.1214350
-0.1226696
-0.1236661
-0.1244069
-0.1249324
-0.1253634
-0.1257788
-0.1262487
-0.1267999
-0.1274692
-0.1281861
-0.1289061
-0.1296197
-0.1303459
-0.1309864
-0.1315385
-0.1320384
-0.1324180
-0.1326918
-0.1328254
-0.1328997
-0.1330995
-0.1334427
-0.1339947
-0.1347532
-0.1357081
-0.1368234
-0.1379412
-0.1389313
-0.1396551
-0.1402251
-0.3226170
-0.3235330
-0.3244544
-0.3254645
-0.3266096
-0.3278899
-0.3292369
-0.3306286
-0.3320141
-0.3333616
-0.3346464
-0.3358146
-0.3367681
-0.3375396
-0.3381448
-0.3386543
-0.3391626
-0.3397276
-0.3404086
-0.3412750
-0.3423644
-0.3436788
-0.3451601
-0.3467480
-0.3482749
-0.3496421
-0.3508107
-0.3517691
-0.3526034
-0.3534128
-0.3542928
-0.3552968
-0.3564174
-0.3576687
-0.3590668
-0.3604826
-0.3618733
-0.3632053
-0.3643694
-0.3653572
-0.3662327
-0.3669597
-0.3676398
-0.3682967
-0.3690030
-0.3698029
-0.3707408
-0.3718736
-0.3732001
-0.3747057
-0.3762488
-0.3777370
-0.3791597
-0.3804025
-0.3814266
-0.3822773
-0.3830431
-0.3838049
-0.3846194
-0.3855307
-0.3865643
-0.3877266
-0.3889258
-0.3900158
-0.3910308
-0.3919354
-0.3927138
-0.3933515
-0.3939089
-0.3944590
-0.3950151
-0.3955965
-0.3962776
-0.3971246
-0.3981626
-0.3993890
-0.4007634
-0.4022339
-0.4037271
-0.4051190
-0.4063598
-0.4073935
-0.4082159
-0.4089455
-0.4097400
-0.4106978
-0.4118586
-0.4132027
-0.4146848
-0.4162029
-0.4176613
0.3736744
0.3726900
0.3719087
0.3712444
0.3706706
0.3701607
0.3696643
0.3691112
0.3684159
0.3675522
0.3664891
0.3652585
0.3638878
0.3624022
0.3609023
0.3594850
0.3582393
0.3571875
0.3562739
0.3554956
0.3547351
0.3539020
0.3530147
0.3520110
0.3509134
0.3497692
0.3486063
0.3475024
0.3464781
0.3455555
0.3447059
0.3439508
0.3432268
0.3425395
0.3417984
0.3409567
0.3400008
0.3389473
0.3377304
0.3363784
0.3349997
0.3335472
0.3320250
0.3305316
0.3291356
0.3278205
0.3265224
0.3252111
0.3237853
0.3221875
0.3204733
0.3187318
0.3170088
0.3153303
0.3137462
0.3123363
0.3110610
0.3098877
0.3088517
0.3079138
0.3070114
0.3736744
0.3726900
0.3041510
0.3030417
0.3018389
0.3005381
0.2991751
0.2978252
0.2964702
0.2951240
0.2938975
0.2928122
0.2918460
0.2909438
0.2900344
0.2890300
0.2879469
0.2868190
0.2857004
0.2846763
0.2838007
0.2830606
0.2823450
0.2816746
0.2811082
0.2806224
0.2801623
0.2797079
0.2792466
0.2786558
0.2779256
0.0122483
0.0112049
0.0100247
0.0088008
0.0075145
0.0062200
0.0049547
0.0037506
0.0025848
0.0014702
0.0003805
-0.0007660
-0.0019575
-0.0032728
-0.0047108
-0.0062309
-0.0077533
-0.0092424
-0.0105971
-0.0117693
-0.0127629
-0.0136315
-0.0144147
-0.0151725
-0.0160257
-0.0170049
-0.0180586
-0.0192471
-0.0206062
-0.0220586
-0.0235869
-0.0251077
-0.0265232
-0.0278830
-0.0292074
-0.0304818
-0.0317206
-0.0328946
-0.0340308
-0.0351964
-0.0364447
-0.0377905
-0.0392298
-0.0407255
-0.0421787
-0.0435618
-0.0447728
-0.0458688
-0.0468665
-0.0478014
-0.0486895
-0.0495678
-0.0504532
-0.0514128
-0.0525437
-0.0537401
-0.0549961
-0.0563492
-0.0577830
-0.0592306
-0.0606288
-0.0619697
-0.0632623
-0.0644847
-0.0655973
-0.0667350
-0.0679480
-0.0692575
-0.0706532
-0.0720776
-0.0734665
-0.0747608
-0.0759674
-0.0770583
-0.0780344
-0.0788758
-0.0795984
-0.0802446
-0.0808412
-0.0814783
-0.0821956
-0.0830419
-0.0840371
-0.0851591
-0.0864039
-0.0877276
-0.0890961
-0.0905276
-0.0919530
-0.0933477
-0.0946579
-0.0958819
-0.3512842
-0.3520582
-0.3529262
-0.3540034
-0.3552969
-0.3567506
-0.3582940
-0.3599301
-0.3614797
-0.3628262
-0.3639946
-0.3650891
-0.3661097
-0.3670327
-0.3679123
-0.3688332
-0.3697835
-0.3707658
-0.3718609
-0.3730293
-0.3742876
-0.3756295
-0.3770189
-0.3782999
-0.3794814
-0.3805875
-0.3816075
-0.3825916
-0.3835973
-0.3846706
-0.3858214
-0.3871110
-0.3886380
-0.3903237
-0.3920222
-0.3936586
-0.3951714
-0.3965193
-0.3977462
-0.3987653
-0.3996671
-0.4005223
-0.4013626
-0.4022685
-0.4032292
-0.4042347
-0.4052762
-0.4064286
-0.4076881
-0.4089505
-0.4101840
-0.4113458
-0.4124508
-0.4135074
-0.4145256
-0.4155432
-0.4165217
-0.4175545
-0.4187235
-0.4200612
-0.4215043
-0.4230039
-0.4244870
-0.4258842
-0.4272185
-0.4284358
-0.4295386
-0.4305080
-0.4314534
-0.4324445
-0.4334822
-0.4345506
-0.4357097
-0.4369395
-0.4381605
-0.4393887
-0.4406620
-0.4419619
-0.4432156
-0.4443933
-0.4454740
-0.4464573
-0.4473760
-0.4483472
-0.4494137
-0.4505903
-0.4519343
-0.4533682
-0.4548853
-0.4563802
-0.4577193
-0.4588926
0.2293538
0.2278013
0.2264625
0.2252291
0.2240258
0.2227476
0.2214125
0.2200226
0.2186028
0.2170570
0.2154943
0.2138664
0.2122251
0.2105521
0.2090018
0.2076005
0.2061956
0.2047225
0.2031797
0.2016244
0.2000598
0.1983916
0.1965353
0.1944652
0.1922446
0.1899469
0.1876556
0.1854718
0.1834377
0.1816623
0.1800239
0.1785161
0.1770322
0.1755949
0.1741824
0.1727503
0.1712525
0.1696520
0.1680366
0.1664302
0.1648740
0.1633562
0.1618895
0.1604752
0.1591181
0.1577185
0.1563516
0.1549268
0.1534431
0.1518834
0.1502498
0.1485169
0.1466873
0.1448906
0.1430747
0.1413842
0.1397837
0.1383474
0.1369856
0.1355993
0.1341290
0.1325880
0.1309957
0.1293098
0.1276216
0.1259237
0.1242763
0.1225967
0.1209451
0.1193154
0.1176968
0.1162041
0.1147810
0.1133612
0.1119809
0.1105114
0.1089211
0.1072180
0.1053984
0.1035047
0.1015032
0.0995206
0.0976362
0.0958616
0.0943042
0.0929038
0.0914454
0.0900786
0.0885937
0.0869781
0.0852709
0.0834758













-0.2789791
-0.2803398
-0.2816038
-0.2827729
-0.2838894
-0.2849447
-0.2859339
-0.2869004
-0.2878725
-0.2889315
-0.2901510
-0.2915646
-0.2931808
-0.2950111
-0.2970207
-0.2991143
-0.3011743
-0.3030930
-0.3048574
-0.3064606
-0.3079075
-0.3093158
-0.3107455
-0.3121681
-0.3135924
-0.3150654
-0.3165353
-0.3180035
-0.3194982
-0.3209980
-0.3224484
-0.3238180
-0.3251318
-0.3263927
-0.3276250
-0.3288702
-0.3301963
-0.3316717
-0.3332698
-0.3350051
-0.3369012
-0.3389450
-0.3410974
-0.3432364
-0.3452590
-0.3470999
-0.3486935
-0.3500719
-0.3513579
-0.3526242
-0.3539436
-0.3553270
-0.3568065
-0.3583322
-0.3598979
-0.3614801
-0.3630352
-0.3645141
-0.3659039
-0.3672153
-0.3684730
-0.3697018
-0.3709165
-0.3721246
-0.3733343
-0.3746458
-0.3760479
-0.3775474
-0.3791717
-0.3809123
-0.3827288
-0.3845167
-0.3861868
-0.3877010
-0.3890224
-0.3902508
-0.3914912
-0.3927602
-0.3940241
-0.3952822
-0.3965624
-0.3978370
-0.3991024
-0.4003390
-0.4015098
-0.4025817
-0.4035526
-0.4044543
-0.4052850
-0.4060885
-0.4069180
-0.4077601
0.3151433
0.3145042
0.3137553
0.3128801
0.3118472
0.3107030
0.3095458
0.3084027
0.3073670
0.3064679
0.3056873
0.3049414
0.3041776
0.3033042
0.3023310
0.3012194
0.2999410
0.2985785
0.2971898
0.2958162
0.2945455
0.2933783
0.2922689
0.2912988
0.2904457
0.2896225
0.2887951
0.2879423
0.2869943
0.2859215
0.2847563
0.2834186
0.2819741
0.2804434
0.2788916
0.2774282
0.2761141
0.2749591
0.2739175
0.2728553
0.2717553
0.2705650
0.2692491
0.2678169
0.2663129
0.2648225
0.2634146
0.2621456
0.2609930
0.2599548
0.2590952
0.2584030
0.2577722
0.2571279
0.2564427
0.2557184
0.2549406
0.2539932
0.2528346
0.2514797
0.2500151
0.2485001
0.2469699
0.2455622
0.2442778
0.2430722
0.2418790
0.2406564
0.2393884
0.2380494
0.2366137
0.2351508
0.2337272
0.2323861
0.2311842
0.2301356
0.2292912
0.2285676
0.2279407
0.2274163
0.2269129
0.2263633
0.2258234
0.2252297
0.2244866
0.2236216
0.2226648
0.2216024
0.2204568
0.2193082
0.2182443
0.2172403
0.0484458
0.0477556
0.0471026
0.0463947
0.0455375
0.0444284
0.0431703
0.0417959
0.0403499
0.0389800
0.0377460
0.0366812
0.0358079
0.0351044
0.0345097
0.0340506
0.0336430
0.0331916
0.0326376
0.0319830
0.0311961
0.0302197
0.0290919
0.0278531
0.0265596
0.0252966
0.0241253
0.0230580
0.0220986
0.0212141
0.0203437
0.0194149
0.0183469
0.0171584
0.0159093
0.0146593
0.0134161
0.0122359
0.0112046
0.0102821
0.0094841
0.0087684
0.0080951
0.0074384
0.0067344
0.0059682
0.0051013
0.0041466
0.0030831
0.0018660
0.0005256
-0.0008705
-0.0022558
-0.0035665
-0.0047960
-0.0058939
-0.0068715
-0.0078121
-0.0088066
-0.0099214
-0.0111348
-0.0124195
-0.0137306
-0.0149819
-0.0161076
-0.0169829
-0.0176691
-0.0182320
-0.0187293
-0.0191298
-0.0194895
-0.0198824
-0.0203533
-0.0208888
-0.0214924
-0.0221942
-0.0230083
-0.0239400
-0.0249657
-0.0260006
-0.0268990
-0.0276290
-0.0282125
-0.0286769
-0.0291370
-0.0296613
-0.0302862
-0.0310735
-0.0320204
-0.0330880
-0.0341639
-0.0351917
