0.0815795
0.0796373
0.0777154
0.0757743
0.0738461
0.0719625
0.0701214
0.0683163
0.0665840
0.0648234
0.0630258
0.0610640
0.0590080
0.0568793
0.0546329
0.0524834
0.0503529
0.0484173
0.0465106
0.0447403
0.0431073
0.0415405
0.0400168
0.0384231
0.0368154
0.0351828
0.0335746
0.0319901
0.0304532
0.0289370
0.0275923
0.0262873
0.0249913
0.0237994
0.0226169
0.0214271
0.0201890
0.0186505
0.0171067
0.0153086
0.0133135
0.0112116
0.0091659
0.0071291
0.0052412
0.0035036
0.0019117
0.0004688
-0.0008558
-0.0021443
-0.0034666
-0.0048874
-0.0064308
-0.0080748
-0.0097922
-0.0115757
-0.0134193
-0.0152164
-0.0169658
-0.0186907
-0.0203653
-0.0220122
-0.0237020
-0.0254416
-0.0272359
-0.0291843
-0.0313091
-0.0335602
-0.0359172
-0.0383652
-0.0408624
-0.0432816
-0.0455797
-0.0477466
-0.0497693
-0.0516483
-0.0534664
-0.0552843
-0.0571428
-0.0590845
-0.0610988
-0.0631860
-0.0652933
-0.0673398
-0.0693540
-0.0713899
-0.0733993
-0.0753359
-0.0771843
-0.0789609
-0.0807003
0.5912821
0.5901752
0.5889406
0.5875626
0.5860173
0.5844262
0.5828444
0.5813054
0.5798520
0.5785191
0.5773203
0.5761577
0.5749761
0.5737466
0.5724390
0.5710822
0.5697394
0.5684741
0.5672660
0.5661469
0.5650763
0.5640535
0.5631082
0.5622575
0.5614538
0.5606647
0.5598669
0.5589818
0.5579876
0.5568403
0.5555718
0.5541893
0.5527345
0.5512649
0.5498326
0.5484722
0.5471941
0.5459615
0.5447764
0.5435676
0.5422695
0.5408590
0.5393132
0.5376793
0.5360017
0.5343385
0.5327118
0.5311897
0.5298063
0.5286304
0.5275852
0.5266157
0.5256930
0.5247522
0.5237091
0.5226139
0.5214002
0.5200629
0.5185628
0.5169373
0.5152957
0.5137419
0.5122705
0.5108741
0.5095544
0.5083238
0.5070521
0.5057233
0.5043233
0.5028581
0.5013018
0.4996678
0.4979656
0.4963128
0.4947876
0.4933998
0.4921200
0.4909323
0.4898042
0.4886648
0.4874986
0.4862389
0.4848439
0.4833715
0.4817144
0.4798964
0.4779892
0.4760074
0.4740274
0.4721774
0.2163577
0.2155874
0.2148609
0.2140527
0.2131882
0.2122898
0.2114257
0.2105948
0.2099097
0.2093470
0.2089056
0.2085151
0.2082798
0.2081755
0.2080984
0.2080772
0.2079739
0.2078303
0.2076465
0.2073123
0.2067940
0.2061158
0.2053144
0.2043963
0.2034408
0.2024321
0.2014702
0.2005787
0.1996864
0.1987567
0.1976738
0.1964645
0.1950818
0.1934978
0.1918171
0.1901421
0.1885659
0.1871546
0.1858941
0.1848016
0.1839138
0.1831405
0.1823863
0.1816315
0.1808595
0.1800359
0.1791527
0.1781795
0.1771178
0.1759766
0.1748059
0.1736608
0.1725649
0.1715400
0.1706362
0.1698273
0.1690489
0.1682480
0.1674042
0.1664533
0.1652946
0.1640261
0.1627884
0.1615782
0.1604833
0.1595430
0.1586359
0.1578248
0.1571120
0.1564273
0.1557303
0.1549723
0.1541451
0.1532431
0.1522454
0.1511642
0.1500264
0.1488299
0.1475876
0.1463484
0.1451581
0.1440653
0.1431015
0.1422323
0.1413814
0.1404179
0.1393372
0.1381502
0.1368701
0.1354793
-0.0361524
-0.0370297
-0.0377456
-0.0382890
-0.0387380
-0.0391215
-0.0394354
-0.0397250
-0.0400894
-0.0405652
-0.0411164
-0.0417627
-0.0425054
-0.0432980
-0.0441417
-0.0450359
-0.0459009
-0.0466928
-0.0474178
-0.0481350
-0.0489282
-0.0498575
-0.0509562
-0.0521896
-0.0535048
-0.0548132
-0.0560186
-0.0570736
-0.0579605
-0.0586795
-0.0592677
-0.0597588
-0.0601947
-0.0606055
-0.0610335
-0.0615152
-0.0620846
-0.0627582
-0.0635431
-0.0644355
-0.0654015
-0.0663990
-0.0673918
-0.0683396
-0.0692093
-0.0699881
-0.0707049
-0.0714379
-0.0722822
-0.0733212
-0.0745894
-0.0760598
-0.0776443
-0.0792283
-0.0807070
-0.0820144
-0.0831314
-0.0840724
-0.0848729
-0.0855786
-0.0862406
-0.0869113
-0.0876423
-0.0884713
-0.0894218
-0.0904986
-0.0916852
-0.0929462
-0.0942341
-0.0955003
-0.0967041
-0.0978200
-0.0988435
-0.0997961
-0.1007312
-0.1017289
-0.1028763
-0.1042343
-0.1058132
-0.1075581
-0.1093632
-0.1111090
-0.1126972
-0.1140753
-0.1152385
-0.1162201
-0.1170728
-0.1178577
-0.1186344
-0.1194522