-0.4599152
-0.4608299
-0.4616557
-0.4623768
-0.4630016
-0.4630016
-0.4643151
-0.4650880
-0.4660122
-0.4670620
-0.4681878
-0.4692933
-0.4703959
-0.4715326
-0.4726776
-0.4737839
-0.4748934
-0.4759508
-0.4770333
-0.4781788
-0.4793814
-0.4808052
-0.4823365
-0.4838633
-0.4854373
-0.4867847
-0.4880083
-0.4890642
-0.4899786
-0.4908254
-0.4916606
-0.4925305
-0.4934358
-0.4944321
-0.4955068
-0.4966596
-0.4978674
-0.4991452
-0.5005176
-0.5018837
-0.5031647
-0.5043660
-0.5055286
-0.5067034
-0.5078960
-0.5090570
-0.5102716
-0.5115833
-0.5130761
-0.5147543
-0.5165090
-0.5182671
-0.5199567
-0.5215202
-0.5228887
-0.5240217
-0.5250140
-0.5259344
-0.5268059
-0.5276748
-0.5285941
-0.5295742
-0.5306076
-0.5317315
-0.5328762
-0.5340976
-0.5353448
-0.5366606
-0.5380434
-0.5394373
-0.5408520
-0.5422681
-0.5436795
-0.5452077
-0.5468113
-0.5485455
-0.5504640
-0.5525818
-0.5547671
-0.5570514
-0.5592635
-0.5613029
-0.5632208
-0.5649826
-0.5666387
-0.5681125
-0.5695294
-0.5709237
-0.5722921
-0.5736649
0.0815795
0.0796373
0.0777154
0.0757743
0.0738461
0.0719625
0.0701214
0.0683163
0.0665840
0.0648234
0.0630258
0.0610640
0.0590080
0.0568793
0.0546329
0.0524834
0.0503529
0.0484173
0.0465106
0.0447403
0.0431073
0.0415405
0.0400168
0.0384231
0.0368154
0.0351828
0.0335746
0.0319901
0.0304532
0.0289370
0.0275923
0.0262873
0.0249913
0.0237994
0.0226169
0.0214271
0.0201890
0.0186505
0.0171067
0.0153086
0.0133135
0.0112116
0.0091659
0.0071291
0.0052412
0.0035036
0.0019117
0.0004688
-0.0008558
-0.0021443
-0.0034666
-0.0048874
-0.0064308
-0.0080748
-0.0097922
-0.0115757
-0.0134193
-0.0152164
-0.0169658
-0.0186907
-0.0203653
-0.0220122
-0.0237020
-0.0254416
-0.0272359
-0.0291843
-0.0313091
-0.0335602
-0.0359172
-0.0383652
-0.0408624
-0.0432816
-0.0455797
-0.0477466
-0.0497693
-0.0516483
-0.0534664
-0.0552843
-0.0571428
-0.0590845
-0.0610988
-0.0631860
-0.0652933
-0.0673398
-0.0693540
-0.0713899
-0.0733993
-0.0753359
-0.0771843
-0.0789609
-0.0807003
0.5912821
0.5901752
0.5889406
0.5875626
0.5860173
0.5844262
0.5828444
0.5813054
0.5798520
0.5785191
0.5773203
0.5761577
0.5749761
0.5737466
0.5724390
0.5710822
0.5697394
0.5684741
0.5672660
0.5661469
0.5650763
0.5640535
0.5631082
0.5622575
0.5614538
0.5606647
0.5598669
0.5589818
0.5579876
0.5568403
0.5555718
0.5541893
0.5527345
0.5512649
0.5498326
0.5484722
0.5471941
0.5459615
0.5447764
0.5435676
0.5422695
0.5408590
0.5393132
0.5376793
0.5360017
0.5343385
0.5327118
0.5311897
0.5298063
0.5286304
0.5275852
0.5266157
0.5256930
0.5247522
0.5237091
0.5226139
0.5214002
0.5200629
0.5185628
0.5169373
0.5152957
0.5137419
0.5122705
0.5108741
0.5095544
0.5083238
0.5070521
0.5057233
0.5043233
0.5028581
0.5013018
0.4996678
0.4979656
0.4963128
0.4947876
0.4933998
0.4921200
0.4909323
0.4898042
0.4886648
0.4874986
0.4862389
0.4848439
0.4833715
0.4817144
0.4798964
0.4779892
0.4760074
0.4740274
0.4721774
