




-0.0824507
-0.0842461
-0.0861498
-0.0881531
-0.0902987
-0.0925765
-0.0949338
-0.0972744
-0.0995752
-0.1017219
-0.1036651
-0.1054736
-0.1071675
-0.1087543
-0.1102959
-0.1118952
-0.1135492
-0.1152155
-0.1169076
-0.1186310
-0.1203262
-0.1219708
-0.1235814
-0.1251158
-0.1265186
-0.1277979
-0.1290288
-0.1303167
-0.1317012
-0.1331931
-0.1348171
-0.1365862
-0.1385399
-0.1406699
-0.1428627
-0.1450098
-0.1470298
-0.1488783
-0.1505493
-0.1520726
-0.1534752
-0.1548314
-0.1562592
-0.1578095
-0.1594593
-0.1611781
-0.1629276
-0.1646540
-0.1662957
-0.1678640
-0.1693776
-0.1708417
-0.1723050
-0.1737600
-0.1751700
-0.1765358
-0.1779183
-0.1793894
-0.1809761
-0.1827016
-0.1845129
-0.1863564
-0.1881947
-0.1899367
-0.1914902
-0.1928440
-0.1940489
-0.1951500
-0.1961851
-0.1971713
-0.1981130
-0.1990420
-0.1999712
-0.2008601
-0.2016797
-0.2024261
-0.2030606
-0.2035810
-0.2040299
-0.2043590
-0.2046174
-0.2048343
-0.2050810
-0.2054319
-0.2058903
-0.2065126
-0.2073165
-0.2082620
-0.2093075
-0.2104145
-0.2114824
0.4704792
0.4689092
0.4674833
0.4661513
0.4648063
0.4634347
0.4619147
0.4603031
0.4586299
0.4569819
0.4554060
0.4538469
0.4522586
0.4506998
0.4492158
0.4477989
0.4463615
0.4448916
0.4434115
0.4419032
0.4403567
0.4386346
0.4367286
0.4346468
0.4324586
0.4302640
0.4281367
0.4262524
0.4245890
0.4231149
0.4217245
0.4203435
0.4189635
0.4175785
0.4161125
0.4145406
0.4129087
0.4113358
0.4099284
0.4085807
0.4072957
0.4060969
0.4049881
0.4039375
0.4029604
0.4019948
0.4009211
0.3997768
0.3985733
0.3972820
0.3958587
0.3942937
0.3926322
0.3909326
0.3893107
0.3878337
0.3865379
0.3854409
0.3843881
0.3832551
0.3820342
0.3807157
0.3793461
0.3779760
0.3766818
0.3754796
0.3743671
0.3733854
0.3725906
0.3719500
0.3714582
0.3710412
0.3706325
0.3702599
0.3698652
0.3693614
0.3687448
0.3680758
0.3672843
0.3664668
0.3656730
0.3648167
0.3641044
0.3635383
0.3631081
0.3627069
0.3622868
0.3618024
0.3612356
0.3606428
0.3600727
0.1340919
0.1327642
0.1315481
0.1304933
0.1296173
0.1288677
0.1281823
0.1275271
0.1268657
0.1261842
0.1254847
0.1246886
0.1237646
0.1227281
0.1215520
0.1202221
0.1188588
0.1176017
0.1164918
0.1154599
0.1145012
0.1135422
0.1125336
0.1113983
0.1100792
0.1086531
0.1071446
0.1056178
0.1041277
0.1028181
0.1016568
0.1006228
0.0997344
0.0989771
0.0982877
0.0976173
0.0969694
0.0962959
0.0955204
0.0946322
0.0936856
0.0926571
0.0915259
0.0904270
0.0894077
0.0885366
0.0878295
0.0871982
0.0866558
0.0860635
0.0854261
0.0846614
0.0837283
0.0826894
0.0816454
0.0806500
0.0797003
0.0788375
0.0781694
0.0776966
0.0773306
0.0769967
0.0767085
0.0763946
0.0760466
0.0756133
0.0751151
0.0744916
0.0737829
0.0729915
0.0721051
0.0712642
0.0705525
0.0699979
0.0695915
0.0693157
0.0691148
0.0688851
0.0686072
0.0682194
0.0677561
0.0673214
0.0669997
0.0668456
0.0668759
0.0671327
0.0675279
0.0680945
0.0687323
0.0693287
0.0699653
-0.1203493
-0.1213508
-0.1224657
-0.1236865
-0.1249870
-0.1263258
-0.1276512
-0.1289116
-0.1300719
-0.1311184
-0.1320662
-0.1329616
-0.1338749
-0.1348894
-0.1360762