-0.5750634
-0.5764171
-0.5777352
-0.5789928
-0.5802022
-0.5814261
-0.5826549
-0.5838712
-0.5851323
-0.5864044
-0.5877510
-0.5892630
-0.5909108
-0.5926746
-0.5945485
-0.5965396
-0.5985591
-0.6004308
-0.6022092
-0.6037213
-0.6050379
-0.6061459
-0.6071996
-0.6082139
-0.6092667
-0.6104453
-0.6116849
-0.6129902
-0.6143607
-0.6157415
-0.6171542
-0.6185112
-0.6197775
-0.6209697
-0.6220729
-0.6230920
-0.6240983
-0.6251695
-0.6262838
-0.6275410
-0.6289545
-0.6305802
-0.6323748
-0.6342644
-0.6361535
-0.6379997
-0.6397461
-0.6413176
-0.6427407
-0.6440508
-0.6452856
-0.6464092
-0.6475158
-0.6485374
-0.6495572
-0.6505676
-0.6516169
-0.6526091
-0.6536380
-0.6545684
-0.6554421
-0.6562130
-0.6569133
-0.6575488
-0.6581924
-0.6588244
-0.6595579
-0.6604117
-0.6614093
-0.6624918
-0.6635311
-0.6645469
-0.6654997
-0.6663246
-0.6669333
-0.6673534
-0.6677485
-0.6679675
-0.6681839
-0.6684274
-0.6688221
-0.6693410
-0.6699194
-0.6705649
-0.6713261
-0.6721359
-0.6729582
-0.6738090
-0.6746368
-0.6753836
-0.6760316
-0.0824507
-0.0842461
-0.0861498
-0.0881531
-0.0902987
-0.0925765
-0.0949338
-0.0972744
-0.0995752
-0.1017219
-0.1036651
-0.1054736
-0.1071675
-0.1087543
-0.1102959
-0.1118952
-0.1135492
-0.1152155
-0.1169076
-0.1186310
-0.1203262
-0.1219708
-0.1235814
-0.1251158
-0.1265186
-0.1277979
-0.1290288
-0.1303167
-0.1317012
-0.1331931
-0.1348171
-0.1365862
-0.1385399
-0.1406699
-0.1428627
-0.1450098
-0.1470298
-0.1488783
-0.1505493
-0.1520726
-0.1534752
-0.1548314
-0.1562592
-0.1578095
-0.1594593
-0.1611781
-0.1629276
-0.1646540
-0.1662957
-0.1678640
-0.1693776
-0.1708417
-0.1723050
-0.1737600
-0.1751700
-0.1765358
-0.1779183
-0.1793894
-0.1809761
-0.1827016
-0.1845129
-0.1863564
-0.1881947
-0.1899367
-0.1914902
-0.1928440
-0.1940489
-0.1951500
-0.1961851
-0.1971713
-0.1981130
-0.1990420
-0.1999712
-0.2008601
-0.2016797
-0.2024261
-0.2030606
-0.2035810
-0.2040299
-0.2043590
-0.2046174
-0.2048343
-0.2050810
-0.2054319
-0.2058903
-0.2065126
-0.2073165
-0.2082620
-0.2093075
-0.2104145
-0.2114824
0.4704792
0.4689092
0.4674833
0.4661513
0.4648063
0.4634347
0.4619147
0.4603031
0.4586299
0.4569819
0.4554060
0.4538469
0.4522586
0.4506998
0.4492158
0.4477989
0.4463615
0.4448916
0.4434115
0.4419032
0.4403567
0.4386346
0.4367286
0.4346468
0.4324586
0.4302640
0.4281367
0.4262524
0.4245890
0.4231149
0.4217245
0.4203435
0.4189635
0.4175785
0.4161125
0.4145406
0.4129087
0.4113358
0.4099284
0.4085807
0.4072957
0.4060969
0.4049881
0.4039375
0.4029604
0.4019948
0.4009211
0.3997768
0.3985733
0.3972820
0.3958587
0.3942937
0.3926322
0.3909326
0.3893107
0.3878337
0.3865379
0.3854409
0.3843881
0.3832551
0.3820342
0.3807157
0.3793461
0.3779760
0.3766818
0.3754796
0.3743671
0.3733854
0.3725906
0.3719500
0.3714582
0.3710412
0.3706325
0.3702599
0.3698652
0.3693614
0.3687448
0.3680758
0.3672843
0.3664668
0.3656730
0.3648167
0.3641044
0.3635383
0.3631081
0.3627069
0.3622868
0.3618024
0.3612356
0.3606428
0.3600727
