-0.2124356
-0.2133138
-0.2141035
-0.2147524
-0.2153143
-0.2158356
-0.2163479
-0.2169018
-0.2175095
-0.2181454
-0.2186913
-0.2191422
-0.2195406
-0.2198472
-0.2200059
-0.2200471
-0.2200325
-0.2200059
-0.2199975
-0.2200691
-0.2202501
-0.2205537
-0.2209708
-0.2214499
-0.2219951
-0.2226003
-0.2232010
-0.2237600
-0.2242661
-0.2247111
-0.2250985
-0.2254472
-0.2258411
-0.2263390
-0.2269191
-0.2275676
-0.2282547
-0.2289632
-0.2296730
-0.2303661
-0.2310283
-0.2316058
-0.2320822
-0.2324437
-0.2327144
-0.2329751
-0.2333231
-0.2337959
-0.2344103
-0.2352334
-0.2362291
-0.2373224
-0.2384439
-0.2395462
-0.2405738
-0.2414956
-0.2423264
-0.2430636
-0.2437289
-0.2443330
-0.2449597
-0.2456797
-0.2464611
-0.2472920
-0.2481766
-0.2491189
-0.2500864
-0.2510326
-0.2519190
-0.2527462
-0.2535109
-0.2541938
-0.2548922
-0.2556327
-0.2564073
-0.2572379
-0.2582958
-0.2595455
-0.2609369
-0.2624053
-0.2639019
-0.2653663
-0.2667412
-0.2679749
-0.2691085
-0.2701901
-0.2712571
-0.2723850
-0.2735775
-0.2748146
-0.2761502
-0.2775748
0.3595162
0.3589314
0.3584260
0.3580926
0.3578507
0.3576795
0.3575894
0.3575071
0.3574252
0.3573335
0.3571525
0.3567985
0.3563397
0.3557750
0.3551328
0.3545113
0.3539339
0.3533869
0.3528699
0.3524756
0.3520979
0.3517853
0.3515060
0.3511897
0.3507771
0.3502269
0.3495550
0.3488315
0.3481606
0.3475298
0.3470191
0.3466573
0.3464176
0.3462795
0.3462068
0.3461313
0.3459884
0.3458541
0.3456339
0.3452908
0.3448115
0.3441808
0.3434856
0.3428105
0.3421832
0.3416571
0.3412370
0.3409361
0.3407410
0.3405194
0.3403042
0.3399683
0.3394911
0.3389885
0.3384825
0.3379082
0.3374314
0.3370656
0.3368008
0.3365967
0.3364652
0.3364071
0.3363070
0.3361832
0.3360197
0.3357915
0.3354041
0.3348184
0.3340548
0.3331740
0.3322264
0.3312681
0.3303762
0.3295699
0.3288928
0.3282938
0.3277127
0.3271251
0.3263704
0.3254522
0.3243822
0.3232700
0.3221784
0.3211066
0.3201480
0.3192947
0.3185789
0.3180063
0.3174801
0.3169719
0.3163884
0.3157875
0.0705954
0.0711797
0.0716794
0.0720514
0.0723044
0.0723700
0.0723209
0.0721990
0.0720322
0.0718876
0.0717726
0.0717381
0.0717789
0.0717879
0.0716874
0.0714127
0.0709779
0.0704466
0.0699011
0.0694513
0.0691623
0.0690457
0.0690706
0.0691789
0.0693301
0.0695113
0.0696612
0.0697819
0.0698882
0.0699443
0.0699341
0.0698149
0.0695819
0.0692652
0.0689390
0.0686718
0.0684677
0.0683348
0.0682923
0.0682787
0.0681960
0.0679725
0.0675431
0.0669617
0.0663412
0.0657389
0.0651855
0.0647663
0.0644915
0.0644040
0.0644318
0.0645295
0.0646913
0.0648619
0.0650029
0.0651660
0.0652435
0.0651173
0.0648110
0.0644624
0.0641082
0.0637062
0.0632874
0.0629611
0.0627501
0.0626165
0.0625340
0.0624149
0.0621733
0.0617725
0.0611593
0.0603290
0.0593543
0.0583728
0.0575204
0.0568602
0.0564070
0.0561256
0.0559968
0.0559141
0.0558764
0.0558448
0.0556772
0.0553802
0.0549754
0.0543884
0.0536212
0.0527394
0.0518491
0.0509175
0.0500142
0.0491921