0.3233682
0.3227635
0.3221020
0.3212702
0.3202538
0.3190270
0.3177691
0.3163753
0.3150922
0.3138490
0.3127263
0.3117972
0.3110788
0.3105558
0.3101112
0.3097239
0.3092758
0.3088245
0.3083544
0.3078874
0.3073406
0.3067906
0.3062503
0.3057953
0.3052963
0.3048942
0.3044921
0.3040989
0.3037437
0.3032715
0.3026575
0.3018424
0.3008463
0.2996859
0.2984513
0.2972219
0.2960130
0.2950006
0.2941210
0.2933557
0.2927201
0.2921410
0.2915366
0.2909220
0.2901880
0.2894194
0.2886043
0.2877626
0.2869267
0.2861307
0.2853077
0.2844675
0.2836391
0.2828636
0.2821140
0.2813110
0.2804278
0.2794655
0.2783477
0.2770440
0.2755372
0.2738018
0.2719899
0.2701950
0.2684981
0.2670190
0.2656770
0.2644780
0.2633617
0.2623142
0.2612568
0.2601972
0.2591523
0.2579742
0.2566772
0.2553638
0.2540516
0.2527454
0.2515046
0.2503208
0.2491338
0.2479762
0.2467495
0.2455077
0.2441763
0.2427613
0.2411804
0.2393773
0.2373484
0.2352207
0.2331245
0.2311479
-0.2124356
-0.2133138
-0.2141035
-0.2147524
-0.2153143
-0.2158356
-0.2163479
-0.2169018
-0.2175095
-0.2181454
-0.2186913
-0.2191422
-0.2195406
-0.2198472
-0.2200059
-0.2200471
-0.2200325
-0.2200059
-0.2199975
-0.2200691
-0.2202501
-0.2205537
-0.2209708
-0.2214499
-0.2219951
-0.2226003
-0.2232010
-0.2237600
-0.2242661
-0.2247111
-0.2250985
-0.2254472
-0.2258411
-0.2263390
-0.2269191
-0.2275676
-0.2282547
-0.2289632
-0.2296730
-0.2303661
-0.2310283
-0.2316058
-0.2320822
-0.2324437
-0.2327144
-0.2329751
-0.2333231
-0.2337959
-0.2344103
-0.2352334
-0.2362291
-0.2373224
-0.2384439
-0.2395462
-0.2405738
-0.2414956
-0.2423264
-0.2430636
-0.2437289
-0.2443330
-0.2449597
-0.2456797
-0.2464611
-0.2472920
-0.2481766
-0.2491189
-0.2500864
-0.2510326
-0.2519190
-0.2527462
-0.2535109
-0.2541938
-0.2548922
-0.2556327
-0.2564073
-0.2572379
-0.2582958
-0.2595455
-0.2609369
-0.2624053
-0.2639019
-0.2653663
-0.2667412
-0.2679749
-0.2691085
-0.2701901
-0.2712571
-0.2723850
-0.2735775
-0.2748146
-0.2761502
-0.2775748
0.3595162
0.3589314
0.3584260
0.3580926
0.3578507
0.3576795
0.3575894
0.3575071
0.3574252
0.3573335
0.3571525
0.3567985
0.3563397
0.3557750
0.3551328
0.3545113
0.3539339
0.3533869
0.3528699
0.3524756
0.3520979
0.3517853
0.3515060
0.3511897
0.3507771
0.3502269
0.3495550
0.3488315
0.3481606
0.3475298
0.3470191
0.3466573
0.3464176
0.3462795
0.3462068
0.3461313
0.3459884
0.3458541
0.3456339
0.3452908
0.3448115
0.3441808
0.3434856
0.3428105
0.3421832
0.3416571
0.3412370
0.3409361
0.3407410
0.3405194
0.3403042
0.3399683
0.3394911
0.3389885
0.3384825
0.3379082
0.3374314
0.3370656
0.3368008
0.3365967
0.3364652
0.3364071
0.3363070
0.3361832
0.3360197
0.3357915
0.3354041
0.3348184
0.3340548
0.3331740
0.3322264
0.3312681
0.3303762
0.3295699
0.3288928
0.3282938
0.3277127
0.3271251
0.3263704
0.3254522
0.3243822
0.3232700
0.3221784
0.3211066
0.3201480
0.3192947
0.3185789
0.3180063
0.3174801
0.3169719
0.3163884
0.3157875
