

-0.2789791
-0.2803398
-0.2816038
-0.2827729
-0.2838894
-0.2849447
-0.2859339
-0.2869004
-0.2878725
-0.2889315
-0.2901510
-0.2915646
-0.2931808
-0.2950111
-0.2970207
-0.2991143
-0.3011743
-0.3030930
-0.3048574
-0.3064606
-0.3079075
-0.3093158
-0.3107455
-0.3121681
-0.3135924
-0.3150654
-0.3165353
-0.3180035
-0.3194982
-0.3209980
-0.3224484
-0.3238180
-0.3251318
-0.3263927
-0.3276250
-0.3288702
-0.3301963
-0.3316717
-0.3332698
-0.3350051
-0.3369012
-0.3389450
-0.3410974
-0.3432364
-0.3452590
-0.3470999
-0.3486935
-0.3500719
-0.3513579
-0.3526242
-0.3539436
-0.3553270
-0.3568065
-0.3583322
-0.3598979
-0.3614801
-0.3630352
-0.3645141
-0.3659039
-0.3672153
-0.3684730
-0.3697018
-0.3709165
-0.3721246
-0.3733343
-0.3746458
-0.3760479
-0.3775474
-0.3791717
-0.3809123
-0.3827288
-0.3845167
-0.3861868
-0.3877010
-0.3890224
-0.3902508
-0.3914912
-0.3927602
-0.3940241
-0.3952822
-0.3965624
-0.3978370
-0.3991024
-0.4003390
-0.4015098
-0.4025817
-0.4035526
-0.4044543
-0.4052850
-0.4060885
-0.4069180
-0.4077601
0.3151433
0.3145042
0.3137553
0.3128801
0.3118472
0.3107030
0.3095458
0.3084027
0.3073670
0.3064679
0.3056873
0.3049414
0.3041776
0.3033042
0.3023310
0.3012194
0.2999410
0.2985785
0.2971898
0.2958162
0.2945455
0.2933783
0.2922689
0.2912988
0.2904457
0.2896225
0.2887951
0.2879423
0.2869943
0.2859215
0.2847563
0.2834186
0.2819741
0.2804434
0.2788916
0.2774282
0.2761141
0.2749591
0.2739175
0.2728553
0.2717553
0.2705650
0.2692491
0.2678169
0.2663129
0.2648225
0.2634146
0.2621456
0.2609930
0.2599548
0.2590952
0.2584030
0.2577722
0.2571279
0.2564427
0.2557184
0.2549406
0.2539932
0.2528346
0.2514797
0.2500151
0.2485001
0.2469699
0.2455622
0.2442778
0.2430722
0.2418790
0.2406564
0.2393884
0.2380494
0.2366137
0.2351508
0.2337272
0.2323861
0.2311842
0.2301356
0.2292912
0.2285676
0.2279407
0.2274163
0.2269129
0.2263633
0.2258234
0.2252297
0.2244866
0.2236216
0.2226648
0.2216024
0.2204568
0.2193082
0.2182443
0.2172403
0.0484458
0.0477556
0.0471026
0.0463947
0.0455375
0.0444284
0.0431703
0.0417959
0.0403499
0.0389800
0.0377460
0.0366812
0.0358079
0.0351044
0.0345097
0.0340506
0.0336430
0.0331916
0.0326376
0.0319830
0.0311961
0.0302197
0.0290919
0.0278531
0.0265596
0.0252966
0.0241253
0.0230580
0.0220986
0.0212141
0.0203437
0.0194149
0.0183469
0.0171584
0.0159093
0.0146593
0.0134161
0.0122359
0.0112046
0.0102821
0.0094841
0.0087684
0.0080951
0.0074384
0.0067344
0.0059682
0.0051013
0.0041466
0.0030831
0.0018660
0.0005256
-0.0008705
-0.0022558
-0.0035665
-0.0047960
-0.0058939
-0.0068715
-0.0078121
-0.0088066
-0.0099214
-0.0111348
-0.0124195
-0.0137306
-0.0149819
-0.0161076
-0.0169829
-0.0176691
-0.0182320
-0.0187293
-0.0191298
-0.0194895
-0.0198824
-0.0203533
-0.0208888
-0.0214924
-0.0221942
-0.0230083
-0.0239400
-0.0249657
-0.0260006
-0.0268990
-0.0276290
-0.0282125
-0.0286769
-0.0291370
-0.0296613
-0.0302862
-0.0310735
-0.0320204
-0.0330880
-0.0341639
-0.0351917