0.2293538
0.2278013
0.2264625
0.2252291
0.2240258
0.2227476
0.2214125
0.2200226
0.2186028
0.2170570
0.2154943
0.2138664
0.2122251
0.2105521
0.2090018
0.2076005
0.2061956
0.2047225
0.2031797
0.2016244
0.2000598
0.1983916
0.1965353
0.1944652
0.1922446
0.1899469
0.1876556
0.1854718
0.1834377
0.1816623
0.1800239
0.1785161
0.1770322
0.1755949
0.1741824
0.1727503
0.1712525
0.1696520
0.1680366
0.1664302
0.1648740
0.1633562
0.1618895
0.1604752
0.1591181
0.1577185
0.1563516
0.1549268
0.1534431
0.1518834
0.1502498
0.1485169
0.1466873
0.1448906
0.1430747
0.1413842
0.1397837
0.1383474
0.1369856
0.1355993
0.1341290
0.1325880
0.1309957
0.1293098
0.1276216
0.1259237
0.1242763
0.1225967
0.1209451
0.1193154
0.1176968
0.1162041
0.1147810
0.1133612
0.1119809
0.1105114
0.1089211
0.1072180
0.1053984
0.1035047
0.1015032
0.0995206
0.0976362
0.0958616
0.0943042
0.0929038
0.0914454
0.0900786
0.0885937
0.0869781
0.0852709
0.0834758
-0.2789791
-0.2803398
-0.2816038
-0.2827729
-0.2838894
-0.2849447
-0.2859339
-0.2869004
-0.2878725
-0.2889315
-0.2901510
-0.2915646
-0.2931808
-0.2950111
-0.2970207
-0.2991143
-0.3011743
-0.3030930
-0.3048574
-0.3064606
-0.3079075
-0.3093158
-0.3107455
-0.3121681
-0.3135924
-0.3150654
-0.3165353
-0.3180035
-0.3194982
-0.3209980
-0.3224484
-0.3238180
-0.3251318
-0.3263927
-0.3276250
-0.3288702
-0.3301963
-0.3316717
-0.3332698
-0.3350051
-0.3369012
-0.3389450
-0.3410974
-0.3432364
-0.3452590
-0.3470999
-0.3486935
-0.3500719
-0.3513579
-0.3526242
-0.3539436
-0.3553270
-0.3568065
-0.3583322
-0.3598979
-0.3614801
-0.3630352
-0.3645141
-0.3659039
-0.3672153
-0.3684730
-0.3697018
-0.3709165
-0.3721246
-0.3733343
-0.3746458
-0.3760479
-0.3775474
-0.3791717
-0.3809123
-0.3827288
-0.3845167
-0.3861868
-0.3877010
-0.3890224
-0.3902508
-0.3914912
-0.3927602
-0.3940241
-0.3952822
-0.3965624
-0.3978370
-0.3991024
-0.4003390
-0.4015098
-0.4025817
-0.4035526
-0.4044543
-0.4052850
-0.4060885
-0.4069180
-0.4077601
0.3151433
0.3145042
0.3137553
0.3128801
0.3118472
0.3107030
0.3095458
0.3084027
0.3073670
0.3064679
0.3056873
0.3049414
0.3041776
0.3033042
0.3023310
0.3012194
0.2999410
0.2985785
0.2971898
0.2958162
0.2945455
0.2933783
0.2922689
0.2912988
0.2904457
0.2896225
0.2887951
0.2879423
0.2869943
0.2859215
0.2847563
0.2834186
0.2819741
0.2804434
0.2788916
0.2774282
0.2761141
0.2749591
0.2739175
0.2728553
0.2717553
0.2705650
0.2692491
0.2678169
0.2663129
0.2648225
0.2634146
0.2621456
0.2609930
0.2599548
0.2590952
0.2584030
0.2577722
0.2571279
0.2564427
0.2557184
0.2549406
0.2539932
0.2528346
0.2514797
0.2500151
0.2485001
0.2469699
0.2455622
0.2442778
0.2430722
0.2418790
0.2406564
0.2393884
0.2380494
0.2366137
0.2351508
0.2337272
0.2323861
0.2311842
0.2301356
0.2292912
0.2285676
0.2279407
0.2274163
0.2269129
0.2263633
0.2258234
0.2252297
0.2244866
0.2236216
0.2226648
0.2216024
0.2204568
0.2193082
0.2182443
0.2172403
