0	-2.0000000	-2.0000000	-0.313198429477499	0.1000000	0.1000000
1	-1.9500064	-1.9501508	-0.319740161585379	0.0979540	0.0979540
2	-1.9010781	-1.9014691	-0.326323633105747	0.0959779	0.0959779
3	-1.8532675	-1.8535850	-0.332968735646636	0.0940624	0.0940624
4	-1.8069055	-1.8066917	-0.339634556949445	0.0922163	0.0922163
5	-1.7609163	-1.7609057	-0.346373718566928	0.0904221	0.0904221
6	-1.7161466	-1.7161959	-0.353129174142196	0.0886923	0.0886923
7	-1.6719149	-1.6721348	-0.359977871087408	0.0870049	0.0870049
8	-1.6285289	-1.6291363	-0.366859161224696	0.0853729	0.0853729
9	-1.5858433	-1.5866946	-0.373824779977920	0.0837821	0.0837821
10	-1.5440581	-1.5449759	-0.380842107192627	0.0822384	0.0822384
11	-1.5030820	-1.5041818	-0.387893648439311	0.0807434	0.0807434
12	-1.4631835	-1.4639673	-0.394988023756911	0.0792931	0.0792931
13	-1.4236447	-1.4247844	-0.402130016901151	0.0778849	0.0778849
14	-1.3851033	-1.3859141	-0.409340558272022	0.0765129	0.0765129
15	-1.3471344	-1.3480989	-0.416570426569404	0.0751850	0.0751850
16	-1.3099031	-1.3108710	-0.423851994933902	0.0738933	0.0738933
17	-1.2730492	-1.2741689	-0.431219835621408	0.0726308	0.0726308
18	-1.2369083	-1.2380436	-0.438636786165980	0.0714027	0.0714027
19	-1.2013371	-1.2024171	-0.446121490393303	0.0702047	0.0702047
20	-1.1663270	-1.1675105	-0.453644439276259	0.0690405	0.0690405
21	-1.1321370	-1.1332329	-0.461188159841518	0.0679112	0.0679112
22	-1.0988422	-1.0994295	-0.468760269472023	0.0668142	0.0668142
23	-1.0656281	-1.0661238	-0.476432743449496	0.0657382	0.0657382
24	-1.0328722	-1.0335986	-0.484128266471116	0.0646933	0.0646933
25	-1.0006745	-1.0016567	-0.491859035301162	0.0636765	0.0636765
26	-0.9688700	-0.9699487	-0.499688564950831	0.0626787	0.0626787
27	-0.9380865	-0.9387099	-0.507515308484868	0.0617121	0.0617121
28	-0.9073436	-0.9079283	-0.515440738850895	0.0607632	0.0607632
29	-0.8770610	-0.8775760	-0.523422574978408	0.0598366	0.0598366
30	-0.8474572	-0.8477152	-0.531423601165651	0.0589357	0.0589357
31	-0.8180424	-0.8183138	-0.539499986317618	0.0580535	0.0580535
32	-0.7890180	-0.7894408	-0.547615029074175	0.0571932	0.0571932
33	-0.7605306	-0.7613183	-0.555709439987968	0.0563601	0.0563601
34	-0.7324498	-0.7331753	-0.563926145256209	0.0555389	0.0555389
35	-0.7048286	-0.7056302	-0.572150133167256	0.0547406	0.0547406
36	-0.6777714	-0.6783738	-0.580419265172198	0.0539607	0.0539607
37	-0.6507961	-0.6516003	-0.588755434155269	0.0531967	0.0531967
38	-0.6243526	-0.6250421	-0.597149684737666	0.0524489	0.0524489
39	-0.5981996	-0.5988240	-0.605607314114276	0.0517164	0.0517164
40	-0.5723879	-0.5729837	-0.614112014557472	0.0510002	0.0510002
41	-0.5469396	-0.5474909	-0.622664042108347	0.0502997	0.0502997
42	-0.5219471	-0.5224323	-0.631229864659410	0.0496172	0.0496172
43	-0.4977144	-0.4976342	-0.639799662303726	0.0489526	0.0489526
44	-0.4733500	-0.4733629	-0.648436675543972	0.0483005	0.0483005
45	-0.4492166	-0.4495584	-0.657099838291521	0.0476638	0.0476638
46	-0.4254562	-0.4258216	-0.665855022436813	0.0470370	0.0470370
47	-0.4021070	-0.4024192	-0.674635201411883	0.0464249	0.0464249
48	-0.3790002	-0.3793813	-0.683454795792892	0.0458258	0.0458258
49	-0.3567406	-0.3564914	-0.692271548379126	0.0452421	0.0452421
50	-0.3341734	-0.3338788	-0.701226751017164	0.0446644	0.0446644
51	-0.3118719	-0.3116645	-0.710202248158313	0.0440999	0.0440999
52	-0.2907298	-0.2896176	-0.719112562039900	0.0435535	0.0435535
53	-0.2690152	-0.2678759	-0.728191454349496	0.0430105	0.0430105
54	-0.2476914	-0.2464465	-0.737283718421034	0.0424800	0.0424800
55	-0.2264944	-0.2252926	-0.746438622231119	0.0419590	0.0419590
56	-0.2058811	-0.2043469	-0.755597466452123	0.0414504	0.0414504
57	-0.1853123	-0.1836772	-0.764827687616902	0.0409502	0.0409502
58	-0.1648570	-0.1632308	-0.774131352539480	0.0404580	0.0404580
59	-0.1449629	-0.1430165	-0.783427905393799	0.0399780	0.0399780
60	-0.1250431	-0.1231023	-0.792794587169897	0.0395056	0.0395056
61	-0.1053277	-0.1034402	-0.802203967093446	0.0390422	0.0390422
62	-0.0860992	-0.0839557	-0.811626646137305	0.0385890	0.0385890
63	-0.0668439	-0.0647116	-0.821131888157030	0.0381423	0.0381423
64	-0.0477795	-0.0460235	-0.830576659816500	0.0377086	0.0377086
65	-0.0291869	-0.0272559	-0.840111425266958	0.0372806	0.0372806
66	-0.0105959	-0.0086264	-0.849751580823813	0.0368576	0.0368576
67	0.0078208	0.0095364	-0.859352370867055	0.0364459	0.0364459
68	0.0260433	0.0277235	-0.869074774204304	0.0360381	0.0360381
69	0.0438019	0.0456424	-0.878765443180939	0.0356407	0.0356407
70	0.0614476	0.0632988	-0.888488997312891	0.0352507	0.0352507
71	0.0790662	0.0807195	-0.898268958526713	0.0348669	0.0348669
72	0.0964050	0.0978101	-0.908018148163936	0.0344925	0.0344925
73	0.1134892	0.1150489	-0.917919118773238	0.0341205	0.0341205
74	0.1304675	0.1320930	-0.927872200722104	0.0337545	0.0337545
75	0.1473298	0.1486731	-0.937766629398645	0.0333983	0.0333983
76	0.1636917	0.1653351	-0.947736928217285	0.0330470	0.0330470
77	0.1801820	0.1818496	-0.957819285906803	0.0333985	0.0333985
78	0.1967489	0.1985434	-0.968139458166783	0.0337584	0.0337584
79	0.2135738	0.2154102	-0.978739616889705	0.0341280	0.0341280
80	0.2305841	0.2324607	-0.989617075331693	0.0345073	0.0345073
81	0.2477548	0.2494515	-1.000667185716769	0.0348926	0.0348926
82	0.2651616	0.2667811	-1.012087705928162	0.0352909	0.0352909
83	0.2826936	0.2841696	-1.023739169190645	0.0356971	0.0356971
84	0.3001778	0.3018949	-1.035719482046155	0.0361149	0.0361149
85	0.3181556	0.3199420	-1.048151726917819	0.0365484	0.0365484
86	0.3363832	0.3382145	-1.060950497158908	0.0369947	0.0369947
87	0.3544906	0.3566783	-1.074028577441164	0.0374507	0.0374507
88	0.3731556	0.3753612	-1.087560347136587	0.0379225	0.0379225
89	0.3920805	0.3942772	-1.101499815980971	0.0384086	0.0384086
90	0.4111923	0.4133827	-1.115820513962834	0.0389079	0.0389079
91	0.4303293	0.4328117	-1.130569628198856	0.0394222	0.0394222
92	0.4499375	0.4524703	-1.145813690933993	0.0399538	0.0399538
93	0.4697411	0.4724190	-1.161538426049090	0.0405021	0.0405021
94	0.4895121	0.4926690	-1.177714085462878	0.0410661	0.0410661
95	0.5100382	0.5131279	-1.194486939373145	0.0416510	0.0416510
96	0.5307147	0.5339385	-1.211818207982332	0.0422553	0.0422553
97	0.5515241	0.5550351	-1.229683733645304	0.0428783	0.0428783
98	0.5724537	0.5764465	-1.248117303490103	0.0435211	0.0435211
99	0.5941914	0.5981439	-1.267284697601813	0.0441894	0.0441894
100	0.6159413	0.6201933	-1.287060767336021	0.0448790	0.0448790
101	0.6383362	0.6426001	-1.307624217898697	0.0455960	0.0455960
102	0.6606538	0.6653512	-1.328816594675477	0.0463350	0.0463350
103	0.6837376	0.6885047	-1.350906954383072	0.0471053	0.0471053
104	0.7067102	0.7120113	-1.373674334118359	0.0478991	0.0478991
105	0.7305535	0.7358724	-1.397381342556349	0.0487258	0.0487258
106	0.7465441	0.7601904	-1.420026021125391	0.0495154	0.0495154
107	0.7382855	0.7848325	-1.437522412857785	0.0501255	0.0501255
108	0.7299339	0.8097768	-1.455677694958313	0.0507585	0.0507585
109	0.7216345	0.8349893	-1.474523093555191	0.0514157	0.0514157
110	0.7126071	0.8606328	-1.494021295726022	0.0520956	0.0520956
111	0.7042867	0.8866285	-1.514498318994988	0.0528096	0.0528096
112	0.6956771	0.9128882	-1.535645504292206	0.0535470	0.0535470
113	0.6865119	0.9396042	-1.557583035359107	0.0543119	0.0543119
114	0.6778004	0.9665129	-1.580359722866201	0.0551061	0.0551061
115	0.6685877	0.9940434	-1.604139270477025	0.0559353	0.0559353
116	0.6587365	1.0219642	-1.628678397629296	0.0567910	0.0567910
117	0.6498676	1.0502428	-1.654422545663321	0.0576887	0.0576887
118	0.6402874	1.0790770	-1.681093712866652	0.0586187	0.0586187
119	0.6302418	1.1083621	-1.708654677403333	0.0595797	0.0595797
120	0.6206132	1.1381485	-1.737426855457922	0.0605830	0.0605830
121	0.6104705	1.1684394	-1.767109928390783	0.0616180	0.0616180
122	0.6001884	1.1990824	-1.797623059697310	0.0626820	0.0626820
123	0.5898189	1.2303884	-1.829286697352046	0.0637861	0.0637861
124	0.5790888	1.2622729	-1.861852797960289	0.0649216	0.0649216
125	0.5683497	1.2945957	-1.895201010032897	0.0660844	0.0660844
126	0.5570072	1.3276295	-1.929311305407519	0.0672738	0.0672738
127	0.5461697	1.3611516	-1.964213998390153	0.0684909	0.0684909
128	0.5348788	1.3953128	-1.999536358257503	0.0697226	0.0697226
129	0.5231547	1.4300296	-2.034959341666928	0.0709577	0.0709577
130	0.5109501	1.4654156	-2.070316999767570	0.0721906	0.0721906
131	0.4994473	1.5015014	-2.105876492591637	0.0734306	0.0734306
132	0.4869548	1.5380414	-2.140207917942335	0.0746277	0.0746277
133	0.4748766	1.5753339	-2.173905767751287	0.0758027	0.0758027
134	0.4619933	1.6132155	-2.205697595238922	0.0769113	0.0769113
135	0.4495339	1.6513840	-2.235445075294839	0.0779485	0.0779485
136	0.4364124	1.6902198	-2.262393765106737	0.0788882	0.0788882
137	0.4234644	1.7293949	-2.286184078377769	0.0797178	0.0797178
138	0.4096316	1.7692267	-2.305875024238677	0.0804044	0.0804044
139	0.3968673	1.8093448	-2.321897539931239	0.0809631	0.0809631
140	0.3833565	1.8495657	-2.332597165294437	0.0813362	0.0813362
141	0.3700124	1.8897799	-2.338228014097156	0.0811403	0.0811403
Min_is:	0.363122	1.910604	-2.339063
2215870