0	0.5000000	2.0000000	-2.436199095022625	0.0100000	0.0100000
1	0.5049989	1.9950013	-2.439553796605839	0.0099862	0.0099862
2	0.5099901	1.9900123	-2.442798942025737	0.0099730	0.0099730
3	0.5149759	1.9850553	-2.445935609045543	0.0099602	0.0099602
4	0.5199558	1.9810670	-2.448965751672445	0.0099479	0.0099479
5	0.5249296	1.9810118	-2.451945948553255	0.0099358	0.0099358
6	0.5298975	1.9808317	-2.454906019096752	0.0099238	0.0099238
7	0.5348594	1.9808036	-2.457845953182263	0.0099119	0.0099119
8	0.5398153	1.9809384	-2.460765723218179	0.0099002	0.0099002
9	0.5447654	1.9807527	-2.463665186009933	0.0098885	0.0098885
10	0.5497096	1.9809919	-2.466544409650358	0.0098770	0.0098770
11	0.5546480	1.9809227	-2.469403324267570	0.0098655	0.0098655
12	0.5595808	1.9806489	-2.472241821689064	0.0098542	0.0098542
13	0.5645078	1.9806404	-2.475059931215418	0.0098430	0.0098430
14	0.5694293	1.9810340	-2.477857589257095	0.0098319	0.0098319
15	0.5743451	1.9807970	-2.480634896666559	0.0098209	0.0098209
16	0.5792555	1.9804900	-2.483391500461989	0.0098100	0.0098100
17	0.5841605	1.9805849	-2.486127770417927	0.0097992	0.0097992
18	0.5890599	1.9806775	-2.488843334395764	0.0097885	0.0097885
19	0.5939540	1.9808130	-2.491538242107676	0.0097779	0.0097779
20	0.5988429	1.9808229	-2.494212558393977	0.0097674	0.0097674
21	0.6037266	1.9808859	-2.496866140916730	0.0097570	0.0097570
22	0.6086050	1.9807266	-2.499499135978803	0.0097467	0.0097467
23	0.6134784	1.9808413	-2.502111217865849	0.0097366	0.0097366
24	0.6183466	1.9804926	-2.504702676814957	0.0097265	0.0097265
25	0.6232096	1.9805937	-2.507273191796717	0.0097165	0.0097165
26	0.6280677	1.9806058	-2.509822824151962	0.0097067	0.0097067
27	0.6329210	1.9804336	-2.512351683414659	0.0096969	0.0096969
28	0.6377694	1.9805771	-2.514859648164586	0.0096872	0.0096872
29	0.6426130	1.9802898	-2.517346621341294	0.0096776	0.0096776
30	0.6474516	1.9805793	-2.519812658702931	0.0096682	0.0096682
31	0.6522857	1.9802408	-2.522257708100074	0.0096588	0.0096588
32	0.6571149	1.9803358	-2.524681782919049	0.0096495	0.0096495
33	0.6619397	1.9804103	-2.527084833706653	0.0096404	0.0096404
34	0.6667598	1.9803784	-2.529466763617592	0.0096313	0.0096313
35	0.6715753	1.9803090	-2.531827602339478	0.0096223	0.0096223
36	0.6763864	1.9801075	-2.534167304699297	0.0096134	0.0096134
37	0.6811931	1.9802489	-2.536485989591924	0.0096046	0.0096046
38	0.6859953	1.9803741	-2.538783409382368	0.0095959	0.0095959
39	0.6907932	1.9801621	-2.541059684181052	0.0095873	0.0095873
40	0.6955866	1.9802330	-2.543314642800805	0.0095788	0.0095788
41	0.7003759	1.9801760	-2.545548481740882	0.0095704	0.0095704
42	0.7051610	1.9800606	-2.547761030438976	0.0095621	0.0095621
43	0.7099419	1.9800989	-2.549952334210285	0.0095539	0.0095539
44	0.7147188	1.9798671	-2.552122313003631	0.0095458	0.0095458
45	0.7194915	1.9798160	-2.554271000516900	0.0095377	0.0095377
46	0.7242602	1.9801064	-2.556398459929701	0.0095298	0.0095298
47	0.7290251	1.9800906	-2.558504558680711	0.0095220	0.0095220
48	0.7337860	1.9799218	-2.560589329326030	0.0095142	0.0095142
49	0.7385429	1.9801030	-2.562652568985937	0.0095066	0.0095066
50	0.7432962	1.9796996	-2.564694585254768	0.0094990	0.0094990
51	0.7480456	1.9799998	-2.566715175653286	0.0094915	0.0094915
52	0.7527911	1.9797001	-2.568714311878777	0.0094841	0.0094841
53	0.7575331	1.9796036	-2.570692057678241	0.0094768	0.0094768
54	0.7622715	1.9796406	-2.572648421842968	0.0094696	0.0094696
55	0.7670062	1.9796693	-2.574583309652610	0.0094625	0.0094625
56	0.7717375	1.9797224	-2.576496740533203	0.0094555	0.0094555
57	0.7764651	1.9793973	-2.578388567008516	0.0094485	0.0094485
58	0.7811893	1.9795745	-2.580259164027028	0.0094417	0.0094417
59	0.7859100	1.9796837	-2.582108078139199	0.0094349	0.0094349
60	0.7906274	1.9795296	-2.583935587680643	0.0094283	0.0094283
61	0.7953414	1.9796255	-2.585741514782407	0.0094217	0.0094217
62	0.8000522	1.9793745	-2.587525993021505	0.0094152	0.0094152
63	0.8047597	1.9794517	-2.589288949133242	0.0094088	0.0094088
64	0.8094640	1.9794485	-2.591030375687093	0.0094024	0.0094024
65	0.8141651	1.9793028	-2.592750267088737	0.0093962	0.0093962
66	0.8188631	1.9793540	-2.594448604432791	0.0093900	0.0093900
67	0.8235579	1.9792047	-2.596125367442659	0.0093840	0.0093840
68	0.8282498	1.9791261	-2.597780651697406	0.0093780	0.0093780
69	0.8329386	1.9792896	-2.599414344852792	0.0093721	0.0093721
70	0.8376243	1.9792746	-2.601026425949246	0.0093663	0.0093663
71	0.8423072	1.9790916	-2.602617044551839	0.0093606	0.0093606
72	0.8469873	1.9790677	-2.604186120378204	0.0093549	0.0093549
73	0.8516646	1.9790442	-2.605733650275769	0.0093494	0.0093494
74	0.8563393	1.9790059	-2.607259686851028	0.0093439	0.0093439
75	0.8610111	1.9787229	-2.608764045328006	0.0093385	0.0093385
76	0.8656803	1.9789910	-2.610247043733138	0.0093332	0.0093332
77	0.8703469	1.9786826	-2.611708423847663	0.0093280	0.0093280
78	0.8750108	1.9788421	-2.613148313938644	0.0093229	0.0093229
79	0.8796722	1.9786454	-2.614566625741994	0.0093178	0.0093178
80	0.8843311	1.9786622	-2.615963447709435	0.0093128	0.0093128
81	0.8889874	1.9786618	-2.617338696099512	0.0093079	0.0093079
82	0.8936411	1.9786280	-2.618692381665522	0.0093031	0.0093031
83	0.8982923	1.9784925	-2.620024538625377	0.0092984	0.0092984
84	0.9029414	1.9785132	-2.621335287496550	0.0092937	0.0092937
85	0.9075881	1.9786352	-2.622624427621378	0.0092892	0.0092892
86	0.9122325	1.9784161	-2.623892205527979	0.0092847	0.0092847
87	0.9168744	1.9782397	-2.625138358515242	0.0092803	0.0092803
88	0.9215145	1.9782216	-2.626363192452286	0.0092759	0.0092759
89	0.9261525	1.9784873	-2.627566476175799	0.0092717	0.0092717
90	0.9307881	1.9780525	-2.628748391815008	0.0092675	0.0092675
91	0.9354219	1.9780783	-2.629908912204477	0.0092634	0.0092634
92	0.9400536	1.9781457	-2.631047966549896	0.0092594	0.0092594
93	0.9446832	1.9782003	-2.632165556097694	0.0092555	0.0092555
94	0.9493109	1.9777976	-2.633261742547197	0.0092516	0.0092516
95	0.9539366	1.9779685	-2.634336680833809	0.0092479	0.0092479
96	0.9585605	1.9780784	-2.635390093719856	0.0092442	0.0092442
97	0.9631824	1.9777452	-2.636422240208945	0.0092405	0.0092405
98	0.9678025	1.9777342	-2.637433030960466	0.0092370	0.0092370
99	0.9724208	1.9778954	-2.638422435143543	0.0092335	0.0092335
100	0.9770374	1.9776571	-2.639390616726246	0.0092302	0.0092302
101	0.9816524	1.9775899	-2.640337503276502	0.0092268	0.0092268
102	0.9862657	1.9776359	-2.641263108965104	0.0092236	0.0092236
103	0.9908775	1.9774258	-2.642167471869754	0.0092205	0.0092205
104	0.9954876	1.9773522	-2.643050603873343	0.0092174	0.0092174
105	1.0000961	1.9774259	-2.643912531139842	0.0092144	0.0092144
106	1.0047030	1.9774286	-2.644753223750877	0.0092114	0.0092114
107	1.0093087	1.9772261	-2.645572824528493	0.0092086	0.0092086
108	1.0139129	1.9772203	-2.646371267947139	0.0092058	0.0092058
109	1.0185158	1.9771538	-2.647148591092076	0.0092031	0.0092031
110	1.0231173	1.9770255	-2.647904812811482	0.0092005	0.0092005
111	1.0277174	1.9770553	-2.648639962739690	0.0091979	0.0091979
112	1.0323163	1.9768747	-2.649354044490186	0.0091954	0.0091954
113	1.0369140	1.9770261	-2.650047108921445	0.0091930	0.0091930
114	1.0415102	1.9768002	-2.650719189329914	0.0091907	0.0091907
115	1.0461056	1.9768146	-2.651370309414858	0.0091885	0.0091885
116	1.0506998	1.9766584	-2.652000479118759	0.0091863	0.0091863
117	1.0552923	1.9767038	-2.652609656046938	0.0091842	0.0091842
118	1.0598843	1.9764795	-2.653198002230567	0.0091821	0.0091821
119	1.0644753	1.9764643	-2.653765528679618	0.0091802	0.0091802
120	1.0690650	1.9764204	-2.654312175585734	0.0091783	0.0091783
121	1.0736541	1.9764662	-2.654838033914572	0.0091765	0.0091765
122	1.0782418	1.9762967	-2.655343113043744	0.0091747	0.0091747
123	1.0828288	1.9762587	-2.655827446187878	0.0091730	0.0091730
124	1.0874152	1.9762332	-2.656291107517519	0.0091714	0.0091714
125	1.0920009	1.9760201	-2.656734096659612	0.0091699	0.0091699
126	1.0965854	1.9759914	-2.657156420722026	0.0091684	0.0091684
127	1.1011696	1.9759380	-2.657558162959396	0.0091671	0.0091671
128	1.1057530	1.9759549	-2.657939318356694	0.0091657	0.0091657
129	1.1103358	1.9758629	-2.658299954717235	0.0091645	0.0091645
130	1.1149180	1.9757769	-2.658640084826661	0.0091633	0.0091633
131	1.1194996	1.9756937	-2.658959740063420	0.0091622	0.0091622
132	1.1240806	1.9756521	-2.659258953748803	0.0091612	0.0091612
133	1.1286611	1.9755823	-2.659537776560129	0.0091602	0.0091602
134	1.1332412	1.9754299	-2.659796253942999	0.0091593	0.0091593
135	1.1378207	1.9754373	-2.660034389630817	0.0091585	0.0091585
136	1.1423997	1.9752186	-2.660252246433598	0.0091578	0.0091578
137	1.1469785	1.9752659	-2.660449872468543	0.0091571	0.0091571
138	1.1515569	1.9751254	-2.660627298068483	0.0091565	0.0091565
139	1.1561350	1.9751361	-2.660784537999263	0.0091559	0.0091559
140	1.1607126	1.9750177	-2.660921677931213	0.0091555	0.0091555
141	1.1652902	1.9749553	-2.661038725111891	0.0091551	0.0091551
142	1.1698672	1.9748212	-2.661135741386553	0.0091547	0.0091547
143	1.1744445	1.9747381	-2.661212761771282	0.0091545	0.0091545
144	1.1790215	1.9745890	-2.661269819145595	0.0091543	0.0091543
145	1.1835986	1.9746082	-2.661306975875578	0.0091541	0.0091541
146	1.1881756	1.9744829	-2.661324267229520	0.0091541	0.0091541
Min is:	1.189875	1.974444	-2.661326
300916855